716	1078	2634	3904	5060	5308	5610	6142	6560	7387	7681	7760	8509	8592	9302	9872	10103	11987	12242	12913	13697	14297	15073	15747	16021	17003	18386	18753	18759	18843		1059.053
608	1326	1438	3281	3665	3692	5059	5092	5619	5908	5930	6361	7496	8085	8276	8486	9844	9910	11412	11987	12915	13289	14043	14045	14420	14743	15745	17303	18218	18759		1037.044
17	1306	4088	4275	4531	5059	5692	5758	7516	8106	9103	9404	10467	10610	10754	13015	13500	13517	13571	14045	14615	14759	15013	15747	16156	16339	17048	17288	18887	18946		971.641
589	608	1895	1949	2781	3541	3568	4943	5059	5328	8185	8483	8702	9101	9230	9264	9325	11796	11987	12038	13804	13980	14045	8757	15745	16539	16640	17995	18474	18759		915.923
1124	1012	2330	2334	2733	2781	3973	4746	5060	5570	5945	7549	7757	7765	9124	9325	10114	10234	10922	12183	13351	14045	15163	15346	15745	16168	16889	17763	17949	18003		962.409
556	1575	2226	3460	3816	3820	4300	4983	5059	5060	5570	5735	5841	9497	9639	9786	12194	13110	13583	13635	13864	14045	14233	4179	16413	17131	17258	18039	18759	18867		963.453
349	900	1078	1476	1537	3197	4526	4943	5059	5060	5544	5804	5809	6019	9185	9295	13083	13122	13763	14045	14506	8373	15649	15827	16738	17267	17376	18299	18638	18759		985.524
601	956	1559	2541	3426	3590	3616	3904	5059	5060	5132	5384	5999	7243	8760	8882	9857	10629	10882	11987	12202	15745	15761	15821	15837	7435	16640	16717	16866	18920		980.207
270	382	1709	2781	3556	3614	3739	5053	5059	5128	6699	6916	8284	8777	9237	9445	10330	7865	11987	13072	13176	14045	15019	15138	16221	17446	16302	18028	18312	18525		882.773
956	1047	1078	1202	2234	2787	5059	5978	7075	7976	7328	7516	3933	7760	7909	8544	9101	11918	12481	12916	13072	14045	14253	14445	15502	15745	15747	15924	17395	18003		1015.736
363	1513	2230	2609	4693	4974	4983	12724	5059	2790	7120	14623	7706	7760	10477	10492	11429	11987	12662	12690	12812	15747	15933	16717	17271	18425	17616	17886	18513	19068		928.938
354	575	1846	3348	3593	4543	4943	5060	5544	6128	6789	7094	7387	7760	8551	9342	9783	9786	10375	11987	13074	13370	14470	14668	15836	17039	17968	18424	18638	19071		927.398
885	2226	2817	3496	2941	3653	3739	3768	4299	4709	5059	5060	5478	5659	6335	6623	9786	9911	9958	10052	11696	13146	14045	13373	15374	15480	5149	16675	17255	18759		953.150
280	1424	2690	2781	2903	4574	5059	5781	5809	15583	6909	8177	8844	9449	9654	10082	11957	12433	14045	14073	14448	14467	14576	15087	15558	15745	16107	17021	1898	18856		959.358
937	1260	1078	1549	1987	3348	4725	4983	5059	5060	5544	6911	8472	8486	8629	8740	8916	9361	12457	13230	13469	14045	14256	14451	16384	16706	16948	17089	17350	18273		1007.055
367	4239	1078	3739	4715	2751	4983	5059	5264	6989	8528	8748	8797	9103	9323	10161	10758	10759	10905	11818	12922	13184	13242	13921	14045	14540	16123	16205	18385	18759		987.403
1197	1277	3758	4536	4943	4955	5053	5059	5516	6758	6850	7516	7611	9103	9325	4193	10449	10962	4525	11836	12720	12956	14045	15734	15747	16640	16673	16680	16899	18759		988.234
1052	1637	1649	2226	2781	3348	3399	4865	13465	5059	5181	6981	7067	7765	8250	8839	10250	10842	11987	12091	13072	13801	14045	14262	14884	14932	16545	16561	17146	18920		968.202
215	701	1273	1559	3195	3285	3326	3348	3774	3904	4753	4974	4997	7760	9314	10234	10754	10990	8793	13128	13142	13386	13994	15747	16238	16539	16880	18547	18577	18920		941.312
176	1655	1672	7452	2430	3348	4983	4997	5059	6900	6933	6347	613	8486	9502	10071	10316	16660	10419	11987	13072	14447	14726	14903	15651	15994	16435	17731	17574	17811		947.183
669	3484	3614	3791	4924	4955	4974	5053	5060	5282	5454	5615	7637	7718	8531	8607	8686	8882	12972	13097	13596	13705	14057	14422	15745	15941	17089	17472	18322	18868		1006.627
861	880	1438	1471	1559	1959	4284	5053	5059	5693	8294	8486	8659	9103	9115	10802	10927	11940	12202	12254	12645	13072	13096	14045	14592	2561	17901	18255	18759	19030		978.721
714	986	2036	2341	4407	4552	4571	4618	4941	4983	5059	6600	6623	7227	7619	9117	10158	11465	12766	13294	14150	14299	1429	14571	591	15745	16790	11590	11140	19081		1081.125
200	830	1775	2051	2892	3723	4469	4983	5059	5060	5778	5813	6527	6633	7082	7760	9232	10891	11298	11412	12202	13294	13913	15317	15647	15745	17089	17303	18676	18704		969.471
98	1106	1195	1746	2054	2713	2790	3348	4574	4943	4983	18407	6182	8459	9756	9783	9787	10453	11987	12421	13953	14318	14548	14941	15013	15239	16640	17039	18697	18759		906.989
608	1260	1190	1770	1934	2866	3739	3761	4943	5053	5059	3619	6973	7598	7760	7824	13853	12202	13138	13179	8970	13691	13763	13865	14045	14903	14909	15745	18759	18820		923.082
731	4501	1500	2521	3739	4145	4584	4842	4861	4943	5059	5517	5570	5686	5808	6944	7450	12600	10859	11628	11987	13072	13122	13386	13560	13804	14045	16132	17143	17802		998.572
529	575	608	2253	3713	3736	4265	4798	4818	5059	5575	6032	6069	10012	10490	10504	11235	11412	11474	11987	12069	13138	13636	14045	15998	16017	16717	16796	18135	18759		1010.836
86	2146	2300	3020	3040	3843	4857	4983	5053	5059	5609	6104	7606	8274	8697	8733	8755	8854	8892	11074	12857	13072	13179	14291	15745	16168	16972	17089	18920	19052		990.747
355	608	1078	1131	1510	1610	1678	2656	3348	3408	4943	5331	5610	6052	7387	9769	9786	10055	11987	9595	13122	13855	14045	15745	16201	16366	18003	18273	18759	18982		880.796
842	18801	956	2589	1559	2332	3739	4783	4974	5054	5060	5958	7654	8733	9103	11093	11203	11987	5340	12597	13638	13732	14045	15719	15788	17005	18037	18568	18583	18759		1072.198
121	608	1133	1147	1215	1891	2469	4006	5053	5059	7257	7442	8229	8708	8882	10260	10960	11987	11989	12172	12354	12537	13129	14009	14909	15745	17089	17262	18682	19128		967.293
144	758	2226	2398	2970	5055	5328	5570	5924	6122	6757	6842	8085	8271	8486	9101	9127	9325	10033	10070	11466	14045	14305	15822	15901	17281	17315	17553	17948	18312		920.201
608	1963	2289	2292	2395	2799	3435	4244	4574	5168	5836	6634	7029	8842	9325	9759	9783	10033	10055	10945	12277	12089	15728	15745	16537	16649	18508	18759	18857	19161		939.000
349	1259	1933	2028	1891	2705	3626	9220	5441	5524	5570	5781	5880	6367	7726	7760	8722	9128	9325	11987	12807	13697	13980	14970	15747	16478	16846	17039	18538	18984		972.803
65	863	3348	2691	2781	3354	3739	4625	4855	4865	4943	15695	5059	7155	8187	8705	8812	9077	9783	10127	10548	8005	14757	12006	14943	14999	15712	16390	17039	18906		1002.322
528	776	1078	3348	3415	4919	3723	3779	3833	18160	4943	4983	5059	6899	7075	7387	9786	1383	10458	1397	11987	12914	12968	4494	14668	16227	17089	17862	18759	18771		898.596
439	470	758	10196	3101	3348	3739	4313	5059	5613	5778	6128	6762	7063	7387	8312	9336	10561	11918	12268	13342	14323	15362	14668	15053	15745	12092	17654	18180	18759		952.882
89	961	1614	6175	2263	2717	2970	4337	4974	5059	5797	5812	5973	6004	8892	9103	19073	10447	11574	11615	11628	13233	14045	14831	15013	15745	16861	17157	18003	18201		960.031
270	608	1513	1626	10149	1938	2815	3409	4372	5060	5778	6168	6488	6623	7435	8667	9202	9325	9624	12558	14043	14045	14264	14283	14852	14959	15596	16640	18269	18472		1023.122
19	1155	711	2226	2514	2857	4569	4844	4906	4983	5059	5570	8533	8733	8812	8891	7556	9038	10647	11794	12169	12609	13848	14617	4590	16640	16764	17123	17957	19021		961.723
1119	1443	761	962	1118	4302	4974	5059	1348	15312	6759	8367	9596	9639	10142	10229	10447	11434	11482	11987	12098	12480	13122	13151	13436	13924	14045	14365	14615	17696		1041.341
270	2226	4962	3113	3562	3911	5060	5677	9437	6525	8273	7945	9431	9880	11499	11987	12219	12812	12899	13129	9138	13636	14045	3749	16272	10601	15747	16537	17715	18920		1014.811
605	956	1654	5327	3191	3348	4496	5059	7544	7387	7637	7681	9751	11244	2980	11987	12479	13072	13524	14045	17283	14758	14797	18923	4451	16382	16417	17553	18744	19093		948.154
1243	1343	1513	2226	2286	5059	5328	5560	5570	5735	17342	13038	4859	8416	9652	9800	10111	10647	10791	11660	12073	13122	14045	14788	15745	16344	17039	17159	18269	18759		865.839
304	2226	2690	2781	2815	3457	4039	4332	4547	5190	5196	6659	6732	6793	7007	7387	7516	8742	9833	11987	13072	13551	13605	13625	14045	15684	15745	15941	18387	18759		968.137
608	943	1891	1999	2300	3467	18630	4983	5059	5060	5725	6750	7387	7520	9167	10070	10161	11577	11987	8730	12752	13072	13151	14562	815	15959	16128	16320	18269	19093		935.530
934	1891	2080	3540	4654	5060	5477	6716	7099	7252	7485	7765	8178	8229	9103	19157	9325	11987	11070	17795	14045	14611	14668	15745	16288	6723	17342	18358	18856	18857		968.059
8372	1367	1513	1655	19112	3358	1291	3896	7760	4427	4997	5059	5517	5642	6467	8888	9877	10791	10932	14971	12831	14909	16265	15475	15745	1044	16058	16539	18759	19004		894.392
253	1078	2226	3512	3904	4684	4865	5571	6935	7876	8812	8921	1257	11793	11863	11875	11987	12067	12278	12343	14948	15745	15747	15908	16815	16927	17551	17995	18759	19040		982.358
