Cycle: 1	0.21248	0.9799	0.9756	0.95489	0.5718	0.5487
Cycle: 2	0.20810	0.9812	0.9749	0.88254	0.5619	0.5014
Cycle: 3	0.24789	0.9799	0.9805	0.98617	0.4982	0.4796
Cycle: 4	0.25396	0.9816	0.9867	0.92283	0.5163	0.4662
Cycle: 5	0.24308	0.9841	0.9920	0.86349	0.6087	0.6136
Cycle: 6	0.22857	0.9854	0.9905	0.84159	0.5981	0.5952
Cycle: 7	0.22691	0.9856	0.9899	0.82040	0.6117	0.6168
Cycle: 8	0.22162	0.9858	0.9909	0.77631	0.6687	0.6845
Cycle: 9	0.22315	0.9853	0.9898	0.76807	0.6733	0.6967
Cycle: 10	0.22913	0.9852	0.9896	0.78124	0.6627	0.6853
Cycle: 11	0.22359	0.9852	0.9893	0.77293	0.6690	0.6782
Cycle: 12	0.21842	0.9857	0.9890	0.76383	0.6759	0.6809
Cycle: 13	0.22017	0.9862	0.9885	0.76821	0.6682	0.6761
Cycle: 14	0.21878	0.9865	0.9883	0.77075	0.6638	0.6657
Cycle: 15	0.22199	0.9864	0.9885	0.76381	0.6699	0.6641
Cycle: 16	0.22021	0.9867	0.9888	0.76946	0.6640	0.6631
Cycle: 17	0.22059	0.9865	0.9908	0.76780	0.6649	0.6598
Cycle: 18	0.22095	0.9867	0.9903	0.75189	0.6809	0.6818
Cycle: 19	0.21861	0.9870	0.9909	0.75462	0.6782	0.6854
Cycle: 20	0.21675	0.9870	0.9913	0.75839	0.6744	0.6845
Cycle: 21	0.21612	0.9873	0.9921	0.75198	0.6804	0.6885
Cycle: 22	0.21539	0.9873	0.9921	0.73829	0.6935	0.7101
Cycle: 23	0.21277	0.9874	0.9930	0.73612	0.6955	0.7205
Cycle: 24	0.21053	0.9875	0.9932	0.73544	0.6958	0.7239
Cycle: 25	0.20908	0.9876	0.9937	0.75026	0.6813	0.6954
Cycle: 26	0.20970	0.9876	0.9932	0.75273	0.6791	0.6914
Cycle: 27	0.21018	0.9877	0.9935	0.75235	0.6801	0.6843
Cycle: 28	0.20903	0.9878	0.9932	0.75271	0.6794	0.6827
Cycle: 29	0.20912	0.9880	0.9939	0.75695	0.6748	0.6796
Cycle: 30	0.21120	0.9880	0.9938	0.75721	0.6739	0.6853
Cycle: 31	0.21118	0.9881	0.9942	0.76396	0.6670	0.6788
Cycle: 32	0.21237	0.9881	0.9942	0.76478	0.6653	0.6713
Cycle: 33	0.21096	0.9881	0.9940	0.77148	0.6587	0.6579
Cycle: 34	0.21074	0.9880	0.9942	0.77697	0.6533	0.6520
Cycle: 35	0.21084	0.9880	0.9936	0.77590	0.6544	0.6559
Cycle: 36	0.21211	0.9882	0.9935	0.77642	0.6536	0.6470
Cycle: 37	0.21223	0.9881	0.9937	0.77514	0.6540	0.6488
Cycle: 38	0.21110	0.9882	0.9935	0.78042	0.6485	0.6446
Cycle: 39	0.21191	0.9880	0.9933	0.77490	0.6543	0.6554
Cycle: 40	0.21197	0.9879	0.9934	0.77504	0.6539	0.6500
Cycle: 41	0.21331	0.9878	0.9930	0.77499	0.6540	0.6507
Cycle: 42	0.21333	0.9877	0.9933	0.77768	0.6514	0.6517
Cycle: 43	0.21389	0.9877	0.9934	0.77404	0.6548	0.6562
Cycle: 44	0.21304	0.9878	0.9934	0.77127	0.6577	0.6625
Cycle: 45	0.21440	0.9876	0.9932	0.77122	0.6577	0.6595
Cycle: 46	0.21428	0.9878	0.9932	0.77264	0.6562	0.6609
Cycle: 47	0.21574	0.9879	0.9930	0.77485	0.6538	0.6510
Cycle: 48	0.21478	0.9878	0.9934	0.77528	0.6532	0.6501
Cycle: 49	0.21534	0.9879	0.9935	0.77467	0.6540	0.6485
Cycle: 50	0.21418	0.9879	0.9931	0.77116	0.6579	0.6590
Cycle: 51	0.21330	0.9878	0.9932	0.77082	0.6583	0.6579
Cycle: 52	0.21260	0.9878	0.9932	0.77269	0.6564	0.6569
Cycle: 53	0.21130	0.9878	0.9934	0.77683	0.6524	0.6536
Cycle: 54	0.21152	0.9878	0.9929	0.77537	0.6541	0.6540
Cycle: 55	0.21203	0.9878	0.9936	0.77711	0.6520	0.6542
Cycle: 56	0.21260	0.9878	0.9934	0.77690	0.6523	0.6560
Cycle: 57	0.21251	0.9878	0.9937	0.77405	0.6555	0.6593
Cycle: 58	0.21389	0.9878	0.9937	0.77520	0.6540	0.6482
Cycle: 59	0.21364	0.9878	0.9940	0.77325	0.6554	0.6510
Cycle: 60	0.21339	0.9878	0.9941	0.77553	0.6528	0.6491
Cycle: 61	0.21297	0.9879	0.9942	0.77662	0.6516	0.6446
Cycle: 62	0.21308	0.9880	0.9940	0.78072	0.6471	0.6375
Cycle: 63	0.21390	0.9880	0.9938	0.78414	0.6433	0.6335
Cycle: 64	0.21381	0.9880	0.9941	0.78112	0.6463	0.6330
Cycle: 65	0.21318	0.9881	0.9941	0.77607	0.6519	0.6453
Cycle: 66	0.21355	0.9882	0.9943	0.77691	0.6509	0.6503
Cycle: 67	0.21347	0.9882	0.9942	0.78016	0.6475	0.6463
Cycle: 68	0.21236	0.9883	0.9935	0.77956	0.6481	0.6480
Cycle: 69	0.21363	0.9882	0.9935	0.77950	0.6480	0.6437
Cycle: 70	0.21309	0.9882	0.9935	0.77975	0.6479	0.6468
Cycle: 71	0.21274	0.9882	0.9931	0.78094	0.6467	0.6517
Cycle: 72	0.21340	0.9882	0.9932	0.78267	0.6445	0.6425
Cycle: 73	0.21322	0.9882	0.9937	0.78180	0.6453	0.6376
Cycle: 74	0.21299	0.9881	0.9939	0.78233	0.6446	0.6356
Cycle: 75	0.21232	0.9882	0.9940	0.78319	0.6437	0.6314
Cycle: 76	0.21183	0.9882	0.9936	0.78171	0.6454	0.6341
Cycle: 77	0.21228	0.9882	0.9935	0.78199	0.6452	0.6365
Cycle: 78	0.21175	0.9882	0.9935	0.78167	0.6456	0.6357
Cycle: 79	0.21216	0.9883	0.9938	0.77845	0.6491	0.6360
Cycle: 80	0.21197	0.9884	0.9935	0.77857	0.6489	0.6329
Cycle: 81	0.21224	0.9884	0.9938	0.78224	0.6446	0.6323
Cycle: 82	0.21197	0.9884	0.9938	0.78228	0.6446	0.6340
Cycle: 83	0.21227	0.9884	0.9936	0.78214	0.6448	0.6347
Cycle: 84	0.21283	0.9884	0.9936	0.78221	0.6447	0.6362
Cycle: 85	0.21270	0.9884	0.9935	0.77923	0.6479	0.6360
Cycle: 86	0.21307	0.9884	0.9929	0.77881	0.6484	0.6400
Cycle: 87	0.21358	0.9883	0.9932	0.77921	0.6479	0.6421
Cycle: 88	0.21338	0.9883	0.9929	0.77964	0.6475	0.6375
Cycle: 89	0.21314	0.9883	0.9930	0.77707	0.6503	0.6410
Cycle: 90	0.21323	0.9882	0.9930	0.77809	0.6493	0.6398
Cycle: 91	0.21347	0.9882	0.9934	0.77825	0.6492	0.6410
Cycle: 92	0.21355	0.9881	0.9932	0.77681	0.6507	0.6422
Cycle: 93	0.21390	0.9881	0.9929	0.77831	0.6490	0.6436
Cycle: 94	0.21420	0.9881	0.9931	0.77777	0.6497	0.6416
Cycle: 95	0.21411	0.9881	0.9934	0.77986	0.6474	0.6450
Cycle: 96	0.21383	0.9881	0.9935	0.77954	0.6477	0.6468
Cycle: 97	0.21349	0.9881	0.9932	0.77982	0.6475	0.6454
Cycle: 98	0.21381	0.9881	0.9929	0.77882	0.6485	0.6394
Cycle: 99	0.21317	0.9882	0.9936	0.78166	0.6453	0.6371
Cycle: 100	0.21320	0.9882	0.9934	0.78034	0.6468	0.6383
Cycle: 101	0.21235	0.9882	0.9934	0.78257	0.6442	0.6262
Cycle: 102	0.21232	0.9882	0.9935	0.78146	0.6454	0.6262
Cycle: 103	0.21284	0.9882	0.9939	0.78267	0.6440	0.6218
Cycle: 104	0.21280	0.9882	0.9940	0.78131	0.6455	0.6184
Cycle: 105	0.21230	0.9883	0.9940	0.78119	0.6456	0.6228
Cycle: 106	0.21272	0.9882	0.9940	0.78085	0.6460	0.6278
Cycle: 107	0.21302	0.9882	0.9940	0.78085	0.6460	0.6269
Cycle: 108	0.21261	0.9883	0.9942	0.78027	0.6467	0.6297
Cycle: 109	0.21238	0.9883	0.9940	0.78055	0.6463	0.6313
Cycle: 110	0.21359	0.9882	0.9940	0.77971	0.6473	0.6327
Cycle: 111	0.21330	0.9883	0.9933	0.78126	0.6455	0.6257
Cycle: 112	0.21333	0.9882	0.9933	0.78068	0.6461	0.6270
Cycle: 113	0.21331	0.9882	0.9932	0.78051	0.6462	0.6259
Cycle: 114	0.21310	0.9882	0.9934	0.78073	0.6459	0.6263
Cycle: 115	0.21269	0.9883	0.9931	0.78095	0.6457	0.6268
Cycle: 116	0.21301	0.9882	0.9930	0.78164	0.6448	0.6242
Cycle: 117	0.21324	0.9882	0.9929	0.78137	0.6452	0.6245
Cycle: 118	0.21301	0.9882	0.9928	0.77995	0.6468	0.6244
Cycle: 119	0.21241	0.9883	0.9927	0.77902	0.6478	0.6253
Cycle: 120	0.21254	0.9882	0.9927	0.77931	0.6475	0.6225
Cycle: 121	0.21259	0.9882	0.9927	0.77642	0.6508	0.6265
Cycle: 122	0.21320	0.9883	0.9927	0.77681	0.6503	0.6283
Cycle: 123	0.21322	0.9883	0.9924	0.77675	0.6504	0.6343
Cycle: 124	0.21362	0.9883	0.9925	0.77789	0.6491	0.6328
Cycle: 125	0.21316	0.9883	0.9924	0.77952	0.6472	0.6306
Cycle: 126	0.21339	0.9883	0.9926	0.78032	0.6463	0.6332
Cycle: 127	0.21333	0.9883	0.9920	0.78123	0.6452	0.6340
Cycle: 128	0.21276	0.9883	0.9920	0.78114	0.6454	0.6348
Cycle: 129	0.21280	0.9882	0.9923	0.78090	0.6456	0.6338
Cycle: 130	0.21257	0.9882	0.9926	0.78212	0.6442	0.6337
Cycle: 131	0.21285	0.9882	0.9926	0.78247	0.6438	0.6331
Cycle: 132	0.21321	0.9882	0.9926	0.78188	0.6445	0.6348
Cycle: 133	0.21303	0.9882	0.9926	0.78124	0.6452	0.6358
Cycle: 134	0.21230	0.9882	0.9926	0.78081	0.6457	0.6331
Cycle: 135	0.21279	0.9883	0.9919	0.78077	0.6458	0.6306
Cycle: 136	0.21273	0.9883	0.9927	0.78175	0.6446	0.6312
Cycle: 137	0.21239	0.9883	0.9925	0.78232	0.6439	0.6287
Cycle: 138	0.21195	0.9883	0.9925	0.78277	0.6434	0.6292
Cycle: 139	0.21258	0.9884	0.9925	0.78271	0.6435	0.6322
Cycle: 140	0.21213	0.9884	0.9927	0.78309	0.6430	0.6293
Cycle: 141	0.21258	0.9884	0.9927	0.78249	0.6437	0.6264
Cycle: 142	0.21224	0.9885	0.9927	0.78208	0.6442	0.6275
Cycle: 143	0.21173	0.9885	0.9927	0.78074	0.6457	0.6297
Cycle: 144	0.21222	0.9884	0.9927	0.78115	0.6453	0.6289
Cycle: 145	0.21202	0.9884	0.9931	0.78183	0.6445	0.6307
Cycle: 146	0.21187	0.9884	0.9929	0.78060	0.6459	0.6295
Cycle: 147	0.21175	0.9884	0.9929	0.78019	0.6464	0.6294
Cycle: 148	0.21147	0.9884	0.9929	0.78072	0.6458	0.6324
Cycle: 149	0.21110	0.9884	0.9929	0.78080	0.6457	0.6306
Cycle: 150	0.21069	0.9884	0.9929	0.78125	0.6452	0.6307
Cycle: 151	0.21054	0.9884	0.9927	0.78046	0.6461	0.6358
Cycle: 152	0.21060	0.9884	0.9929	0.78033	0.6462	0.6400
Cycle: 153	0.21072	0.9884	0.9927	0.78141	0.6450	0.6386
Cycle: 154	0.21066	0.9884	0.9926	0.78153	0.6448	0.6369
Cycle: 155	0.21049	0.9884	0.9927	0.78118	0.6452	0.6337
Cycle: 156	0.21045	0.9884	0.9927	0.78058	0.6459	0.6333
Cycle: 157	0.21049	0.9884	0.9928	0.78024	0.6463	0.6343
Cycle: 158	0.21081	0.9884	0.9927	0.78001	0.6466	0.6338
Cycle: 159	0.21071	0.9884	0.9925	0.78132	0.6451	0.6324
Cycle: 160	0.21071	0.9883	0.9925	0.77984	0.6468	0.6329
Cycle: 161	0.21060	0.9883	0.9924	0.78109	0.6454	0.6318
Cycle: 162	0.21082	0.9883	0.9925	0.78086	0.6456	0.6332
Cycle: 163	0.21089	0.9884	0.9925	0.78162	0.6447	0.6303
Cycle: 164	0.21073	0.9883	0.9926	0.78082	0.6457	0.6325
Cycle: 165	0.21080	0.9884	0.9926	0.78066	0.6458	0.6293
Cycle: 166	0.21089	0.9884	0.9926	0.78150	0.6449	0.6294
Cycle: 167	0.21104	0.9884	0.9927	0.78200	0.6443	0.6295
Cycle: 168	0.21132	0.9883	0.9926	0.78246	0.6438	0.6302
Cycle: 169	0.21108	0.9883	0.9926	0.78263	0.6436	0.6294
Cycle: 170	0.21106	0.9883	0.9926	0.78220	0.6440	0.6286
Cycle: 171	0.21076	0.9883	0.9926	0.78190	0.6444	0.6299
Cycle: 172	0.21092	0.9883	0.9927	0.78140	0.6450	0.6341
Cycle: 173	0.21067	0.9883	0.9925	0.78174	0.6446	0.6322
Cycle: 174	0.21095	0.9883	0.9928	0.78033	0.6462	0.6302
Cycle: 175	0.21106	0.9883	0.9924	0.77925	0.6475	0.6310
Cycle: 176	0.21137	0.9884	0.9927	0.77934	0.6474	0.6343
Cycle: 177	0.21162	0.9884	0.9928	0.77908	0.6477	0.6343
Cycle: 178	0.21183	0.9883	0.9926	0.77900	0.6478	0.6340
Cycle: 179	0.21164	0.9883	0.9932	0.77947	0.6472	0.6322
Cycle: 180	0.21192	0.9883	0.9932	0.77997	0.6467	0.6299
Cycle: 181	0.21189	0.9883	0.9930	0.78098	0.6455	0.6279
Cycle: 182	0.21181	0.9883	0.9928	0.77993	0.6468	0.6284
Cycle: 183	0.21186	0.9883	0.9928	0.78059	0.6460	0.6267
Cycle: 184	0.21161	0.9883	0.9928	0.78063	0.6460	0.6257
Cycle: 185	0.21161	0.9883	0.9928	0.78078	0.6458	0.6257
Cycle: 186	0.21215	0.9883	0.9928	0.78124	0.6453	0.6233
Cycle: 187	0.21202	0.9883	0.9928	0.78196	0.6444	0.6233
Cycle: 188	0.21215	0.9884	0.9931	0.78329	0.6429	0.6230
Cycle: 189	0.21206	0.9883	0.9928	0.78400	0.6420	0.6216
Cycle: 190	0.21189	0.9884	0.9931	0.78363	0.6425	0.6196
Cycle: 191	0.21156	0.9884	0.9931	0.78511	0.6407	0.6202
Cycle: 192	0.21152	0.9884	0.9933	0.78568	0.6401	0.6197
Cycle: 193	0.21158	0.9884	0.9931	0.78718	0.6383	0.6185
Cycle: 194	0.21151	0.9884	0.9931	0.78665	0.6389	0.6208
Cycle: 195	0.21153	0.9884	0.9931	0.78657	0.6390	0.6208
Cycle: 196	0.21161	0.9884	0.9931	0.78531	0.6405	0.6211
Cycle: 197	0.21135	0.9884	0.9932	0.78658	0.6390	0.6227
Cycle: 198	0.21129	0.9884	0.9932	0.78661	0.6389	0.6209
Cycle: 199	0.21133	0.9884	0.9930	0.78674	0.6388	0.6229
Cycle: 200	0.21163	0.9884	0.9930	0.78710	0.6383	0.6242
Cycle: 201	0.21163	0.9884	0.9933	0.78710	0.6383	0.6236
Cycle: 202	0.21140	0.9884	0.9933	0.78741	0.6379	0.6248
Cycle: 203	0.21162	0.9884	0.9933	0.78698	0.6385	0.6275
Cycle: 204	0.21169	0.9884	0.9933	0.78597	0.6397	0.6253
Cycle: 205	0.21154	0.9885	0.9933	0.78553	0.6402	0.6276
Cycle: 206	0.21142	0.9885	0.9932	0.78608	0.6395	0.6260
Cycle: 207	0.21118	0.9885	0.9926	0.78594	0.6397	0.6260
Cycle: 208	0.21135	0.9884	0.9926	0.78491	0.6410	0.6265
Cycle: 209	0.21159	0.9884	0.9926	0.78407	0.6420	0.6265
Cycle: 210	0.21169	0.9885	0.9931	0.78477	0.6412	0.6253
Cycle: 211	0.21189	0.9885	0.9931	0.78455	0.6415	0.6275
Cycle: 212	0.21202	0.9885	0.9931	0.78430	0.6417	0.6250
Cycle: 213	0.21199	0.9885	0.9928	0.78463	0.6414	0.6242
Cycle: 214	0.21202	0.9884	0.9928	0.78523	0.6406	0.6250
Cycle: 215	0.21180	0.9885	0.9928	0.78568	0.6401	0.6244
Cycle: 216	0.21215	0.9884	0.9928	0.78505	0.6408	0.6257
Cycle: 217	0.21178	0.9885	0.9928	0.78455	0.6415	0.6217
Cycle: 218	0.21185	0.9885	0.9928	0.78417	0.6420	0.6239
Cycle: 219	0.21183	0.9885	0.9928	0.78393	0.6422	0.6223
Cycle: 220	0.21218	0.9885	0.9925	0.78407	0.6421	0.6266
Cycle: 221	0.21235	0.9884	0.9928	0.78449	0.6416	0.6259
Cycle: 222	0.21231	0.9884	0.9928	0.78453	0.6415	0.6273
Cycle: 223	0.21226	0.9884	0.9927	0.78414	0.6420	0.6262
Cycle: 224	0.21203	0.9884	0.9927	0.78462	0.6414	0.6274
Cycle: 225	0.21203	0.9884	0.9927	0.78430	0.6418	0.6266
Cycle: 226	0.21214	0.9884	0.9927	0.78324	0.6431	0.6237
Cycle: 227	0.21194	0.9884	0.9925	0.78396	0.6422	0.6249
Cycle: 228	0.21195	0.9884	0.9927	0.78345	0.6428	0.6248
Cycle: 229	0.21172	0.9884	0.9932	0.78385	0.6423	0.6281
Cycle: 230	0.21143	0.9885	0.9932	0.78411	0.6420	0.6298
Cycle: 231	0.21141	0.9885	0.9925	0.78402	0.6421	0.6293
Cycle: 232	0.21133	0.9885	0.9931	0.78427	0.6418	0.6288
Cycle: 233	0.21132	0.9885	0.9929	0.78443	0.6416	0.6280
Cycle: 234	0.21108	0.9885	0.9932	0.78342	0.6428	0.6306
Cycle: 235	0.21103	0.9885	0.9931	0.78405	0.6421	0.6284
Cycle: 236	0.21093	0.9885	0.9930	0.78393	0.6423	0.6283
Cycle: 237	0.21089	0.9885	0.9930	0.78300	0.6433	0.6293
Cycle: 238	0.21078	0.9885	0.9930	0.78338	0.6429	0.6276
Cycle: 239	0.21094	0.9885	0.9930	0.78300	0.6433	0.6281
Cycle: 240	0.21107	0.9885	0.9931	0.78245	0.6440	0.6282
Cycle: 241	0.21101	0.9885	0.9930	0.78229	0.6441	0.6270
Cycle: 242	0.21075	0.9885	0.9930	0.78236	0.6441	0.6253
Cycle: 243	0.21059	0.9885	0.9932	0.78158	0.6450	0.6255
Cycle: 244	0.21075	0.9885	0.9937	0.78233	0.6441	0.6243
Cycle: 245	0.21075	0.9885	0.9935	0.78296	0.6434	0.6255
Cycle: 246	0.21054	0.9885	0.9937	0.78230	0.6442	0.6296
Cycle: 247	0.21059	0.9885	0.9935	0.78230	0.6441	0.6280
Cycle: 248	0.21051	0.9885	0.9936	0.78289	0.6434	0.6280
Cycle: 249	0.21019	0.9885	0.9936	0.78456	0.6414	0.6273
Cycle: 250	0.21005	0.9885	0.9935	0.78586	0.6398	0.6256
Cycle: 251	0.20987	0.9885	0.9935	0.78590	0.6398	0.6255
Cycle: 252	0.21016	0.9885	0.9936	0.78557	0.6402	0.6256
Cycle: 253	0.20995	0.9885	0.9939	0.78495	0.6409	0.6264
Cycle: 254	0.21009	0.9885	0.9937	0.78458	0.6414	0.6270
Cycle: 255	0.21007	0.9885	0.9932	0.78474	0.6412	0.6257
Cycle: 256	0.20992	0.9885	0.9939	0.78412	0.6419	0.6274
Cycle: 257	0.20987	0.9885	0.9936	0.78397	0.6421	0.6286
Cycle: 258	0.20980	0.9885	0.9935	0.78400	0.6421	0.6271
Cycle: 259	0.20974	0.9885	0.9936	0.78370	0.6424	0.6294
Cycle: 260	0.20982	0.9885	0.9936	0.78362	0.6425	0.6282
Cycle: 261	0.20974	0.9885	0.9937	0.78333	0.6428	0.6278
Cycle: 262	0.20975	0.9885	0.9935	0.78363	0.6425	0.6303
Cycle: 263	0.20971	0.9885	0.9935	0.78348	0.6427	0.6283
Cycle: 264	0.20974	0.9885	0.9928	0.78275	0.6435	0.6310
Cycle: 265	0.20952	0.9885	0.9931	0.78339	0.6428	0.6277
Cycle: 266	0.20954	0.9885	0.9931	0.78394	0.6421	0.6287
Cycle: 267	0.20954	0.9885	0.9929	0.78363	0.6425	0.6259
Cycle: 268	0.20948	0.9885	0.9930	0.78362	0.6425	0.6272
Cycle: 269	0.20957	0.9885	0.9930	0.78383	0.6422	0.6287
Cycle: 270	0.20971	0.9885	0.9928	0.78317	0.6430	0.6302
Cycle: 271	0.20959	0.9885	0.9928	0.78255	0.6438	0.6312
Cycle: 272	0.20944	0.9885	0.9929	0.78211	0.6443	0.6316
Cycle: 273	0.20949	0.9885	0.9927	0.78201	0.6444	0.6320
Cycle: 274	0.20963	0.9884	0.9927	0.78172	0.6448	0.6332
Cycle: 275	0.20978	0.9884	0.9925	0.78165	0.6448	0.6309
Cycle: 276	0.20990	0.9884	0.9927	0.78171	0.6448	0.6305
Cycle: 277	0.20984	0.9884	0.9927	0.78172	0.6448	0.6289
Cycle: 278	0.21001	0.9884	0.9927	0.78168	0.6448	0.6280
Cycle: 279	0.21013	0.9885	0.9927	0.78131	0.6453	0.6292
Cycle: 280	0.21008	0.9885	0.9929	0.78211	0.6443	0.6292
Cycle: 281	0.20999	0.9885	0.9929	0.78200	0.6445	0.6295
Cycle: 282	0.21011	0.9885	0.9929	0.78215	0.6443	0.6305
Cycle: 283	0.20992	0.9885	0.9929	0.78242	0.6440	0.6275
Cycle: 284	0.21001	0.9885	0.9929	0.78191	0.6446	0.6301
Cycle: 285	0.20991	0.9885	0.9928	0.78255	0.6438	0.6254
Cycle: 286	0.20992	0.9885	0.9925	0.78271	0.6436	0.6254
Cycle: 287	0.21006	0.9885	0.9932	0.78242	0.6440	0.6237
Cycle: 288	0.20997	0.9885	0.9930	0.78271	0.6436	0.6240
Cycle: 289	0.20990	0.9885	0.9929	0.78332	0.6429	0.6240
Cycle: 290	0.20994	0.9885	0.9929	0.78346	0.6427	0.6240
Cycle: 291	0.20993	0.9885	0.9929	0.78350	0.6427	0.6235
Cycle: 292	0.20973	0.9885	0.9929	0.78301	0.6432	0.6273
Cycle: 293	0.20978	0.9885	0.9929	0.78308	0.6432	0.6262
Cycle: 294	0.20990	0.9885	0.9929	0.78283	0.6434	0.6273
Cycle: 295	0.20982	0.9885	0.9929	0.78257	0.6438	0.6269
Cycle: 296	0.20989	0.9885	0.9929	0.78322	0.6430	0.6237
Cycle: 297	0.20976	0.9884	0.9929	0.78360	0.6425	0.6249
Cycle: 298	0.20984	0.9884	0.9929	0.78366	0.6424	0.6257
Cycle: 299	0.21004	0.9884	0.9929	0.78343	0.6427	0.6272
Cycle: 300	0.20999	0.9884	0.9929	0.78291	0.6433	0.6272
Cycle: 301	0.21031	0.9884	0.9930	0.78323	0.6429	0.6272
Cycle: 302	0.21011	0.9884	0.9929	0.78368	0.6424	0.6267
Cycle: 303	0.21042	0.9884	0.9930	0.78392	0.6421	0.6267
Cycle: 304	0.21053	0.9884	0.9929	0.78427	0.6417	0.6264
Cycle: 305	0.21033	0.9884	0.9929	0.78426	0.6417	0.6264
Cycle: 306	0.21039	0.9884	0.9927	0.78379	0.6423	0.6264
Cycle: 307	0.21033	0.9884	0.9927	0.78255	0.6438	0.6270
Cycle: 308	0.21029	0.9884	0.9928	0.78237	0.6440	0.6272
Cycle: 309	0.21055	0.9884	0.9925	0.78250	0.6439	0.6257
Cycle: 310	0.21058	0.9884	0.9926	0.78268	0.6437	0.6270
Cycle: 311	0.21039	0.9885	0.9928	0.78292	0.6434	0.6262
Cycle: 312	0.21053	0.9885	0.9928	0.78306	0.6433	0.6275
Cycle: 313	0.21033	0.9885	0.9926	0.78313	0.6432	0.6253
Cycle: 314	0.21021	0.9885	0.9932	0.78254	0.6439	0.6240
Cycle: 315	0.21049	0.9884	0.9932	0.78263	0.6437	0.6262
Cycle: 316	0.21030	0.9884	0.9934	0.78305	0.6432	0.6242
Cycle: 317	0.21028	0.9885	0.9933	0.78298	0.6433	0.6246
Cycle: 318	0.21008	0.9885	0.9933	0.78274	0.6436	0.6250
Cycle: 319	0.21015	0.9885	0.9934	0.78258	0.6437	0.6250
Cycle: 320	0.21005	0.9885	0.9933	0.78330	0.6429	0.6247
Cycle: 321	0.20997	0.9884	0.9931	0.78318	0.6431	0.6247
Cycle: 322	0.20983	0.9885	0.9933	0.78273	0.6436	0.6272
Cycle: 323	0.20993	0.9884	0.9933	0.78272	0.6436	0.6266
Cycle: 324	0.20988	0.9884	0.9933	0.78311	0.6431	0.6266
Cycle: 325	0.20983	0.9884	0.9933	0.78426	0.6418	0.6244
Cycle: 326	0.21010	0.9885	0.9933	0.78428	0.6417	0.6244
Cycle: 327	0.20987	0.9885	0.9935	0.78483	0.6411	0.6253
Cycle: 328	0.20971	0.9885	0.9933	0.78545	0.6403	0.6242
Cycle: 329	0.20953	0.9885	0.9935	0.78550	0.6403	0.6242
Cycle: 330	0.20952	0.9885	0.9935	0.78515	0.6407	0.6248
Cycle: 331	0.20970	0.9885	0.9934	0.78489	0.6410	0.6253
Cycle: 332	0.20964	0.9885	0.9934	0.78520	0.6406	0.6232
Cycle: 333	0.20960	0.9885	0.9934	0.78507	0.6408	0.6239
Cycle: 334	0.20966	0.9885	0.9934	0.78519	0.6406	0.6252
Cycle: 335	0.20979	0.9885	0.9934	0.78519	0.6406	0.6236
Cycle: 336	0.20956	0.9885	0.9934	0.78509	0.6408	0.6267
Cycle: 337	0.20959	0.9885	0.9933	0.78436	0.6416	0.6276
Cycle: 338	0.20958	0.9885	0.9933	0.78538	0.6404	0.6257
Cycle: 339	0.20959	0.9885	0.9933	0.78639	0.6392	0.6245
Cycle: 340	0.20949	0.9885	0.9933	0.78698	0.6385	0.6239
Cycle: 341	0.20938	0.9885	0.9932	0.78703	0.6384	0.6235
Cycle: 342	0.20945	0.9885	0.9932	0.78706	0.6384	0.6277
Cycle: 343	0.20949	0.9886	0.9932	0.78772	0.6377	0.6264
Cycle: 344	0.20939	0.9886	0.9932	0.78737	0.6381	0.6254
Cycle: 345	0.20932	0.9885	0.9932	0.78756	0.6378	0.6272
Cycle: 346	0.20941	0.9885	0.9932	0.78751	0.6379	0.6284
Cycle: 347	0.20955	0.9886	0.9932	0.78764	0.6377	0.6266
Cycle: 348	0.20959	0.9886	0.9933	0.78765	0.6377	0.6256
Cycle: 349	0.20964	0.9886	0.9932	0.78810	0.6372	0.6235
Cycle: 350	0.20948	0.9886	0.9932	0.78788	0.6374	0.6257
Cycle: 351	0.20947	0.9886	0.9932	0.78800	0.6373	0.6255
Cycle: 352	0.20950	0.9886	0.9932	0.78819	0.6371	0.6261
Cycle: 353	0.20943	0.9886	0.9932	0.78823	0.6370	0.6265
Cycle: 354	0.20932	0.9886	0.9932	0.78783	0.6375	0.6272
Cycle: 355	0.20932	0.9886	0.9932	0.78794	0.6373	0.6247
Cycle: 356	0.20921	0.9886	0.9932	0.78772	0.6376	0.6245
Cycle: 357	0.20925	0.9886	0.9930	0.78780	0.6375	0.6231
Cycle: 358	0.20917	0.9886	0.9930	0.78802	0.6372	0.6219
Cycle: 359	0.20908	0.9886	0.9929	0.78832	0.6369	0.6219
Cycle: 360	0.20899	0.9886	0.9930	0.78873	0.6364	0.6231
Cycle: 361	0.20880	0.9886	0.9930	0.78907	0.6360	0.6230
Cycle: 362	0.20888	0.9886	0.9933	0.78889	0.6362	0.6208
Cycle: 363	0.20879	0.9886	0.9933	0.78841	0.6368	0.6223
Cycle: 364	0.20867	0.9886	0.9932	0.78809	0.6371	0.6233
Cycle: 365	0.20876	0.9886	0.9932	0.78734	0.6380	0.6216
Cycle: 366	0.20874	0.9886	0.9932	0.78722	0.6382	0.6245
Cycle: 367	0.20874	0.9886	0.9932	0.78729	0.6381	0.6233
Cycle: 368	0.20886	0.9886	0.9932	0.78686	0.6386	0.6280
Cycle: 369	0.20878	0.9886	0.9933	0.78665	0.6389	0.6280
Cycle: 370	0.20877	0.9886	0.9933	0.78730	0.6381	0.6262
Cycle: 371	0.20897	0.9886	0.9933	0.78718	0.6383	0.6262
Cycle: 372	0.20889	0.9886	0.9932	0.78716	0.6383	0.6301
Cycle: 373	0.20890	0.9885	0.9935	0.78690	0.6386	0.6257
Cycle: 374	0.20894	0.9885	0.9932	0.78582	0.6399	0.6257
Cycle: 375	0.20900	0.9885	0.9932	0.78586	0.6398	0.6257
Cycle: 376	0.20893	0.9885	0.9932	0.78588	0.6398	0.6265
Cycle: 377	0.20884	0.9885	0.9935	0.78558	0.6401	0.6263
Cycle: 378	0.20884	0.9885	0.9935	0.78567	0.6400	0.6256
Cycle: 379	0.20889	0.9885	0.9934	0.78549	0.6403	0.6238
Cycle: 380	0.20880	0.9885	0.9935	0.78551	0.6402	0.6216
Cycle: 381	0.20873	0.9885	0.9935	0.78516	0.6407	0.6216
Cycle: 382	0.20875	0.9885	0.9935	0.78475	0.6411	0.6219
Cycle: 383	0.20890	0.9885	0.9934	0.78479	0.6411	0.6204
Cycle: 384	0.20902	0.9886	0.9934	0.78496	0.6409	0.6198
Cycle: 385	0.20908	0.9886	0.9934	0.78450	0.6414	0.6205
Cycle: 386	0.20912	0.9885	0.9934	0.78416	0.6418	0.6215
Cycle: 387	0.20929	0.9886	0.9934	0.78453	0.6414	0.6215
Cycle: 388	0.20946	0.9885	0.9934	0.78485	0.6411	0.6212
Cycle: 389	0.20965	0.9885	0.9934	0.78528	0.6405	0.6228
Cycle: 390	0.20975	0.9885	0.9931	0.78538	0.6404	0.6228
Cycle: 391	0.20964	0.9885	0.9931	0.78501	0.6408	0.6211
Cycle: 392	0.20958	0.9885	0.9931	0.78516	0.6407	0.6235
Cycle: 393	0.20960	0.9885	0.9931	0.78505	0.6408	0.6264
Cycle: 394	0.20965	0.9885	0.9931	0.78569	0.6401	0.6260
Cycle: 395	0.20962	0.9885	0.9931	0.78576	0.6400	0.6231
Cycle: 396	0.20956	0.9885	0.9934	0.78608	0.6396	0.6206
Cycle: 397	0.20960	0.9885	0.9934	0.78633	0.6393	0.6206
Cycle: 398	0.20950	0.9885	0.9934	0.78626	0.6394	0.6205
Cycle: 399	0.20945	0.9885	0.9931	0.78670	0.6388	0.6211
Cycle: 400	0.20966	0.9885	0.9934	0.78697	0.6385	0.6217
Cycle: 401	0.20950	0.9885	0.9930	0.78644	0.6392	0.6217
Cycle: 402	0.20940	0.9885	0.9930	0.78612	0.6395	0.6227
Cycle: 403	0.20940	0.9885	0.9930	0.78569	0.6400	0.6240
Cycle: 404	0.20953	0.9885	0.9930	0.78551	0.6403	0.6248
Cycle: 405	0.20963	0.9885	0.9930	0.78573	0.6400	0.6258
Cycle: 406	0.20959	0.9885	0.9930	0.78522	0.6406	0.6258
Cycle: 407	0.20955	0.9885	0.9930	0.78474	0.6412	0.6258
Cycle: 408	0.20946	0.9885	0.9930	0.78436	0.6417	0.6258
Cycle: 409	0.20941	0.9885	0.9930	0.78438	0.6416	0.6238
Cycle: 410	0.20933	0.9885	0.9930	0.78309	0.6432	0.6260
Cycle: 411	0.20940	0.9885	0.9930	0.78253	0.6438	0.6272
Cycle: 412	0.20933	0.9885	0.9929	0.78234	0.6441	0.6279
Cycle: 413	0.20942	0.9885	0.9929	0.78242	0.6440	0.6279
Cycle: 414	0.20933	0.9885	0.9930	0.78228	0.6441	0.6279
Cycle: 415	0.20911	0.9885	0.9933	0.78210	0.6444	0.6271
Cycle: 416	0.20905	0.9885	0.9934	0.78234	0.6441	0.6259
Cycle: 417	0.20907	0.9885	0.9933	0.78214	0.6443	0.6259
Cycle: 418	0.20910	0.9885	0.9933	0.78215	0.6443	0.6259
Cycle: 419	0.20905	0.9885	0.9933	0.78228	0.6441	0.6252
Cycle: 420	0.20896	0.9885	0.9933	0.78250	0.6439	0.6252
Cycle: 421	0.20894	0.9885	0.9933	0.78303	0.6432	0.6260
Cycle: 422	0.20915	0.9885	0.9933	0.78317	0.6431	0.6249
Cycle: 423	0.20912	0.9885	0.9937	0.78350	0.6427	0.6249
Cycle: 424	0.20905	0.9885	0.9937	0.78348	0.6427	0.6234
Cycle: 425	0.20892	0.9885	0.9937	0.78291	0.6434	0.6234
Cycle: 426	0.20891	0.9885	0.9937	0.78294	0.6434	0.6233
Cycle: 427	0.20892	0.9885	0.9937	0.78229	0.6442	0.6252
Cycle: 428	0.20894	0.9886	0.9937	0.78325	0.6430	0.6241
Cycle: 429	0.20899	0.9886	0.9937	0.78318	0.6431	0.6234
Cycle: 430	0.20897	0.9885	0.9936	0.78252	0.6439	0.6231
Cycle: 431	0.20905	0.9885	0.9933	0.78267	0.6437	0.6238
Cycle: 432	0.20911	0.9885	0.9934	0.78280	0.6436	0.6235
Cycle: 433	0.20911	0.9885	0.9937	0.78286	0.6435	0.6215
Cycle: 434	0.20904	0.9885	0.9936	0.78297	0.6433	0.6215
Cycle: 435	0.20901	0.9885	0.9936	0.78306	0.6432	0.6215
Cycle: 436	0.20904	0.9885	0.9936	0.78299	0.6433	0.6215
Cycle: 437	0.20892	0.9885	0.9936	0.78313	0.6431	0.6231
Cycle: 438	0.20891	0.9885	0.9936	0.78314	0.6431	0.6218
Cycle: 439	0.20888	0.9885	0.9936	0.78326	0.6430	0.6231
Cycle: 440	0.20890	0.9885	0.9936	0.78290	0.6434	0.6243
Cycle: 441	0.20885	0.9885	0.9937	0.78284	0.6435	0.6235
Cycle: 442	0.20887	0.9885	0.9938	0.78233	0.6441	0.6235
Cycle: 443	0.20874	0.9886	0.9937	0.78251	0.6438	0.6229
Cycle: 444	0.20893	0.9885	0.9936	0.78301	0.6433	0.6218
Cycle: 445	0.20894	0.9885	0.9936	0.78341	0.6428	0.6200
Cycle: 446	0.20898	0.9885	0.9936	0.78316	0.6431	0.6200
Cycle: 447	0.20915	0.9886	0.9937	0.78359	0.6426	0.6201
Cycle: 448	0.20920	0.9885	0.9938	0.78280	0.6435	0.6201
Cycle: 449	0.20914	0.9885	0.9938	0.78265	0.6437	0.6201
Cycle: 450	0.20918	0.9886	0.9938	0.78294	0.6434	0.6200
Cycle: 451	0.20899	0.9886	0.9939	0.78301	0.6433	0.6200
Cycle: 452	0.20914	0.9886	0.9937	0.78341	0.6428	0.6200
Cycle: 453	0.20918	0.9886	0.9938	0.78341	0.6428	0.6211
Cycle: 454	0.20917	0.9886	0.9938	0.78299	0.6434	0.6211
Cycle: 455	0.20908	0.9886	0.9938	0.78323	0.6431	0.6211
Cycle: 456	0.20908	0.9886	0.9935	0.78322	0.6431	0.6218
Cycle: 457	0.20899	0.9886	0.9938	0.78327	0.6430	0.6218
Cycle: 458	0.20910	0.9885	0.9937	0.78426	0.6418	0.6219
Cycle: 459	0.20905	0.9885	0.9937	0.78355	0.6427	0.6215
Cycle: 460	0.20895	0.9885	0.9938	0.78380	0.6424	0.6219
Cycle: 461	0.20898	0.9885	0.9937	0.78385	0.6423	0.6219
Cycle: 462	0.20891	0.9885	0.9937	0.78383	0.6423	0.6212
Cycle: 463	0.20897	0.9885	0.9937	0.78400	0.6421	0.6212
Cycle: 464	0.20894	0.9885	0.9938	0.78478	0.6411	0.6212
Cycle: 465	0.20905	0.9885	0.9938	0.78519	0.6407	0.6212
Cycle: 466	0.20914	0.9885	0.9937	0.78534	0.6405	0.6216
Cycle: 467	0.20903	0.9885	0.9937	0.78560	0.6402	0.6216
Cycle: 468	0.20897	0.9885	0.9937	0.78504	0.6409	0.6216
Cycle: 469	0.20899	0.9885	0.9937	0.78471	0.6412	0.6203
Cycle: 470	0.20904	0.9885	0.9937	0.78410	0.6419	0.6203
Cycle: 471	0.20904	0.9885	0.9938	0.78433	0.6417	0.6209
Cycle: 472	0.20903	0.9885	0.9938	0.78451	0.6415	0.6209
Cycle: 473	0.20901	0.9885	0.9937	0.78457	0.6414	0.6209
Cycle: 474	0.20909	0.9885	0.9937	0.78467	0.6413	0.6209
Cycle: 475	0.20908	0.9885	0.9938	0.78428	0.6417	0.6209
Cycle: 476	0.20923	0.9885	0.9937	0.78397	0.6421	0.6209
Cycle: 477	0.20912	0.9885	0.9938	0.78402	0.6421	0.6213
Cycle: 478	0.20922	0.9885	0.9937	0.78370	0.6424	0.6227
Cycle: 479	0.20934	0.9885	0.9937	0.78399	0.6421	0.6227
Cycle: 480	0.20938	0.9885	0.9937	0.78410	0.6420	0.6223
Cycle: 481	0.20942	0.9885	0.9935	0.78414	0.6419	0.6213
Cycle: 482	0.20940	0.9885	0.9934	0.78453	0.6415	0.6213
Cycle: 483	0.20928	0.9885	0.9935	0.78494	0.6410	0.6209
Cycle: 484	0.20933	0.9885	0.9935	0.78466	0.6413	0.6209
Cycle: 485	0.20928	0.9885	0.9935	0.78444	0.6416	0.6209
Cycle: 486	0.20927	0.9885	0.9934	0.78442	0.6416	0.6220
Cycle: 487	0.20938	0.9884	0.9934	0.78415	0.6419	0.6219
Cycle: 488	0.20934	0.9884	0.9934	0.78358	0.6426	0.6219
Cycle: 489	0.20927	0.9884	0.9934	0.78354	0.6426	0.6217
Cycle: 490	0.20917	0.9885	0.9934	0.78375	0.6424	0.6197
Cycle: 491	0.20932	0.9885	0.9935	0.78363	0.6425	0.6212
Cycle: 492	0.20926	0.9885	0.9935	0.78357	0.6426	0.6201
Cycle: 493	0.20927	0.9885	0.9935	0.78355	0.6426	0.6212
Cycle: 494	0.20918	0.9885	0.9935	0.78359	0.6426	0.6184
Cycle: 495	0.20917	0.9885	0.9935	0.78386	0.6422	0.6184
Cycle: 496	0.20911	0.9885	0.9935	0.78383	0.6423	0.6196
Cycle: 497	0.20929	0.9885	0.9934	0.78469	0.6413	0.6168
Cycle: 498	0.20914	0.9885	0.9934	0.78501	0.6409	0.6156
Cycle: 499	0.20927	0.9885	0.9934	0.78522	0.6406	0.6150
Cycle: 500	0.20923	0.9884	0.9934	0.78520	0.6407	0.6145
