32	214	1010	1114	2369	2452	2508	2604	3266	3496	3806	4258	4377	4428	4614	5030	5037	5106	6430	6646	6836	7030	7129	7947	7957	8720	8838	9093	9249	9545		 1.987
32	155	269	684	1121	1271	1379	1932	1989	2209	2369	2789	3175	3344	3756	5194	5324	5384	5439	5510	5672	5812	5823	6686	7265	7649	8538	9019	9482	9512		 2.067
60	946	1247	1464	1692	1815	1854	2369	2536	3092	3227	3246	3616	3674	4339	4361	4545	4828	5627	5823	6209	7301	7348	7671	8579	8812	9001	9025	9415	9555		 2.762
155	320	373	468	581	1383	1555	1847	1854	1931	2238	3545	3768	3955	4018	4038	4148	4718	4728	5708	5823	6022	7335	7821	8008	8579	8838	8846	8943	9440		 4.883
32	754	864	1163	1258	2369	2505	2801	3932	3969	4040	4056	4058	4164	5321	5350	5823	6585	6695	6903	7069	7157	7642	7874	7941	8023	8534	8838	8961	9170		 2.662
77	968	984	1121	1166	1335	1415	2369	2375	2829	2862	3317	3721	4694	4712	4736	5418	5511	5672	5678	5897	6598	6654	7787	8433	8579	8697	8918	8982	9251		 2.301
155	559	565	813	1114	2198	2256	2591	2746	3932	4038	4536	4638	4820	4906	4909	4990	5025	5092	5192	5315	5664	5672	5823	6127	8579	8752	8842	8894	8918		 3.180
155	182	796	1078	1121	1207	1379	1854	1906	3265	4467	4563	4614	4675	4748	4885	4975	5216	6530	6538	7227	7291	7294	7417	7838	8244	8579	8720	9371	9482		 2.752
155	454	780	958	1335	1336	1835	2114	2166	2369	5748	3395	3738	3983	4148	4615	4659	5108	5672	5747	5779	6119	6459	7069	7593	8226	8244	8720	9232	9295		 3.721
258	445	646	1122	1247	2188	2369	3125	3404	4139	4195	4510	4521	4858	5341	5542	5672	6200	6290	6729	6935	7227	7389	4552	7642	7958	8129	8721	9296	9556		 6.085
154	454	748	944	1533	1560	2015	2280	2308	2369	3785	3944	4614	4623	4928	5075	5672	5696	6433	6808	7035	8132	8266	8284	8289	8369	8579	8622	8658	8937		 2.678
155	490	1241	1247	1454	1854	2166	2405	2471	2540	3060	3776	4038	4485	4614	5122	5439	5672	5698	5057	6252	6550	6836	6985	7069	7942	8244	8720	9166	9482		 2.795
155	247	472	1113	1268	1392	1790	1815	2000	2368	2369	3468	3563	3623	3898	4148	4627	4948	5483	6139	7370	7417	7543	7667	7872	8003	8182	8766	9148	9482		 3.979
155	627	678	864	893	910	984	1469	1620	2127	2369	2917	3337	3344	3575	3788	3982	3990	4040	4614	4629	5033	5196	6669	8250	8388	8579	8701	8824	9101		 2.651
419	454	715	1121	1188	1247	2036	2507	2543	2568	2976	3005	3331	3406	3436	3568	3661	3970	4714	5320	5439	5672	5886	7554	8283	8457	8835	8838	8910	9455		 5.638
82	261	402	454	484	817	991	2369	2468	2913	3344	4087	4215	4622	4868	5012	8805	5806	6836	6989	7421	7642	7718	7846	8183	8579	8971	9040	9446	9482		 2.553
1	472	489	732	1842	1871	1884	2237	2278	2599	3138	4472	4614	4682	4683	4820	4868	5310	5566	5685	5689	5840	7389	7814	8642	8714	8838	9148	9455	9498		 3.228
472	750	770	1121	1247	1414	2065	2270	2369	2801	2817	3024	3945	4337	4390	4671	4712	4960	5324	5672	5854	6353	7201	8283	8325	8825	8838	8842	9100	9211		 3.985
155	580	1392	1616	2599	2736	2854	2891	3266	3554	4191	4216	4323	4568	4928	5295	5590	5693	5832	5853	6598	6489	6711	8208	8579	8691	8718	8846	9068	9545		 2.683
444	454	1272	1336	1496	1560	1677	2237	2624	3882	4437	4614	4933	5037	5099	5214	5377	5775	5849	5953	6234	6296	6561	7417	7994	8448	8579	8925	9388	9544		 2.727
326	454	473	478	540	946	1168	1247	1418	1562	1773	1989	2353	2567	4906	4980	5106	5369	5823	6347	6762	6977	8686	8718	8838	8866	9139	9267	9332	9455		 2.387
121	764	875	1141	1335	1424	1854	1884	2003	2395	2532	3165	3529	4339	4868	4945	5250	6601	6641	6686	7227	7313	7417	7604	7874	8537	8579	8868	9380	9482		 2.606
91	194	1091	1183	1247	1833	1847	2245	2853	3836	3990	4195	4339	4376	4556	4614	5750	5777	6498	6551	6712	6808	7126	8023	8258	8579	8796	8884	8925	9599		 1.988
75	155	567	1121	1247	1784	1989	3042	3098	3165	3392	4105	4558	4590	4614	5273	5672	1740	6197	6207	6856	7069	7227	7397	7445	7701	8579	8718	9096	9599		 2.788
125	975	1113	1115	1760	2369	2808	2812	2853	3232	3324	3424	3646	3884	4517	4801	4928	4984	5302	5590	5613	5746	5811	6968	7069	8030	8543	8579	8842	9482		 2.229
237	391	527	743	1148	1202	1275	1815	1912	2369	2412	2525	2540	3344	3836	4122	4573	4614	4723	4798	5537	6572	6809	6892	7212	7543	7547	7845	8579	9304		 2.000
136	155	532	700	1114	1121	1183	1698	2003	2369	3160	3575	3848	4058	4148	4614	4707	4842	6127	6674	6836	6935	7233	7255	8023	8106	8317	8579	9040	9054		 1.727
648	1235	2369	2532	2542	2819	3436	3688	3697	3723	3757	4285	4655	5202	5227	5300	6187	6412	7069	7415	7793	7864	7873	7991	8264	8838	8925	9212	9381	9468		 2.552
251	471	771	1168	1450	1507	1884	2369	2769	2931	3124	3433	3700	4112	4533	4614	4928	5041	5106	5823	5881	6671	6730	6969	8220	8283	8718	8842	8846	9482		 1.853
155	194	708	1093	1247	1414	1427	1521	5270	2369	2425	3638	3649	4621	4868	4963	5156	5221	5499	5638	5672	5777	6872	7832	7907	8350	8474	8718	8838	8940		 5.164
671	937	1247	1448	1483	2241	2328	2412	2750	2759	3523	3765	3810	3932	4137	4558	4614	5020	5987	6060	6701	6979	7389	8517	7604	7657	7763	7846	8662	8813		 4.199
251	595	1121	1725	1750	1938	2469	2598	2639	2968	3043	3266	3808	4148	4229	5043	5106	5228	6057	6160	6591	7076	7642	7842	8072	8561	8579	8641	8925	9575		 3.085
155	454	700	1346	1589	1846	1899	2341	2369	2727	3876	4148	4428	4619	4786	4909	5036	5106	5796	5806	5823	6482	7069	7471	7657	8207	8283	8579	8815	9599		 2.807
454	802	1105	1378	1428	1514	1738	2745	3596	4112	4398	2547	4678	4906	5099	5518	5608	5672	6119	6654	6845	7035	7111	7212	7635	8741	8842	9006	9040	9482		 2.807
155	900	1023	1121	1537	2151	2369	2399	2448	2824	3306	3423	4148	4428	4614	4911	4960	5341	6116	6231	6606	6748	6936	7404	7417	8017	8440	8579	8800	9492		 3.529
155	465	1346	1644	2369	2768	2061	3300	3922	4385	4845	4906	5251	5439	5672	5891	6400	6705	6903	7069	7297	7565	7846	8208	8593	8656	8838	8962	9468	9528		 3.959
155	858	1110	1247	2232	2369	2438	2591	2736	3418	4064	4148	4614	4719	4906	5188	5271	5503	5570	5622	5672	5710	6546	7149	7313	8579	8601	8838	8918	9545		 3.535
419	454	2048	2369	2395	2964	3145	3216	3515	3840	3857	4393	4614	5210	5439	5584	6194	6646	6977	7069	7390	7525	7777	8296	8342	8718	8861	8940	9312	9331		 2.405
214	303	855	1123	1508	1571	1854	2077	2369	4339	4451	4365	4614	4906	4963	5373	5439	5444	5672	5849	6654	6762	6819	7955	8150	8406	8410	8925	9295	9338		 2.561
89	109	709	827	893	1114	1690	1740	3390	3444	3688	3733	3847	4056	4614	4797	5453	5745	5777	6022	6457	6579	7331	8045	8283	8579	8720	8814	9210	9599		 3.809
155	449	454	482	530	651	1121	1982	2156	2423	2876	2922	3086	3266	4476	4565	4614	5037	5462	5862	6477	6653	7395	8289	8579	8760	8875	8895	9366	9482		 4.254
159	454	637	641	1335	1429	1881	1969	2369	3639	4112	4148	4931	5003	5134	5254	5510	5672	5929	6052	6691	6987	7035	7591	7657	8003	8861	8884	9006	9430		 1.925
98	854	1121	1773	1936	1989	2292	2369	2517	2660	2706	2779	3120	3344	3523	3571	3715	4906	6033	6139	6368	7578	7870	7981	8069	8134	8244	8718	9427	9475		 3.641
155	1088	1163	1392	1416	1706	1854	2028	2369	2465	2549	3266	3299	3688	4572	4784	5205	5439	6191	6502	6640	6869	7348	7454	7512	7732	8579	8743	8918	9209		 2.265
651	705	763	1113	1446	1873	2223	2369	3014	3423	4148	4271	4275	4726	5976	6081	6363	6436	7369	7376	7417	7784	8579	8701	8718	8720	9305	9386	9475	9492		 4.973
405	886	1121	1289	1852	2369	2570	2677	2808	2915	2960	3394	4007	4018	4038	4148	4295	5179	5305	5703	6072	6373	7279	7348	7825	8006	8023	8384	8632	9437		 4.125
104	155	249	641	732	1085	1267	2369	2737	3158	4283	615	4614	4829	5037	5074	5495	6043	6060	6282	6701	6961	7313	7743	8003	8551	8838	9331	9475	9481		 4.030
32	125	167	454	1114	1121	1247	1706	2217	2222	2387	2416	3198	3209	4195	4718	4906	5106	5194	5289	5644	8046	6856	8060	8201	8579	8732	8783	8925	9130		 3.674
194	965	1522	1854	1899	2131	2369	2640	2801	2910	3239	3413	4337	4554	4614	4997	5823	6208	6398	6654	6672	7165	7250	7273	7746	8369	8579	8833	8866	9358		 2.800
109	145	629	979	7972	1121	1138	1335	1603	2115	2166	2591	3266	3594	4143	4382	4614	5672	5812	6145	7227	7417	7453	7461	7732	8283	8969	9035	9212	9262		 2.538
155	225	1029	1247	2166	2803	3749	8868	4040	4095	4148	4596	4820	5439	5672	6762	6897	7069	7211	7425	7547	7587	7598	8336	8431	8435	8579	8610	8785	9473		 3.096
534	544	1335	1500	1533	2621	1943	2043	2245	3749	3873	4614	4682	5028	5139	5252	5602	6137	6168	6669	6751	7260	7697	8342	8466	8579	8601	8680	9521	9599		 2.457
385	403	482	518	627	1591	1728	2096	2110	3168	3752	3776	3915	3932	4175	4253	4590	4614	4796	5122	5269	6173	7642	7657	7785	7807	7830	8914	9496	9532		 1.999
236	975	1009	1533	1757	2192	2369	2461	2668	2985	3602	3754	4906	4928	4944	4975	5430	9542	5823	5865	6617	6644	6794	7021	7562	7838	8284	8579	8598	9545		 3.186
332	336	454	1289	1840	2001	2360	2369	2639	2936	3406	4297	4614	5106	5341	5351	5584	5789	6418	6762	7063	7104	7426	7971	8718	8838	8888	8961	9013	9208		 2.520
104	449	1102	1121	1184	1682	1854	1989	2190	2369	2836	3604	3970	4868	4911	5672	5733	6174	6516	6659	7035	7089	7417	7657	8205	8216	8720	8759	8856	9379		 2.435
185	296	984	1533	6321	1598	2118	2369	2410	2886	3175	3232	3340	3999	4148	4614	4773	4909	5636	5742	6591	6601	6606	6988	7420	8283	8579	8838	9533	9599		 3.693
155	463	753	763	1335	1392	1533	1625	2291	2132	2655	2807	3262	3814	3832	3910	4195	4619	4813	6119	6139	6427	6985	7469	7858	8392	8579	8714	8875	9599		 4.536
155	446	1114	1139	1193	1336	1392	1600	1601	1682	1847	2892	3453	3767	3950	4022	4614	4766	5306	5823	6088	6521	6827	6964	7358	7417	7604	8720	8918	9494		 2.446
315	443	710	1210	1336	1420	1533	1854	2369	2657	3030	3723	3909	4038	4049	4233	5664	6015	6868	6871	7035	7579	7917	8006	8274	8314	8368	8579	9107	9599		 2.283
109	470	596	1085	1121	1236	1247	1506	1838	2369	3071	3165	3337	4614	4638	4684	5037	5829	6107	6639	7170	7212	7270	7547	7837	8060	8720	8721	9363	9475		 2.777
109	418	498	817	910	1854	1961	1985	2112	2369	2651	2953	3149	3491	3700	4614	4868	4911	4942	5045	5265	6367	6823	7793	7864	8089	8328	8892	8925	9402		 2.658
54	450	454	1247	1427	522	2154	2311	3103	3861	3878	3932	3970	4056	4518	4529	4948	5205	5381	6627	7205	7212	7541	7938	8467	8870	9040	9233	9475	9482		 4.226
80	146	454	637	1562	1940	2407	2438	3602	3857	3904	4010	4038	4256	4606	4797	4906	5348	5513	6578	6583	6736	7069	7907	8435	8838	8846	9208	9429	9566		 3.016
251	975	1121	1235	1964	1989	2164	2315	2346	2369	2913	3017	3266	3777	4614	5037	5041	5213	5816	6057	6127	6315	6448	6697	8033	8701	8925	9425	9427	9460		 2.832
109	139	155	376	629	1663	1750	2006	2213	2369	2377	2549	2847	4038	4529	4813	4868	4945	5082	5342	5653	5975	6450	7026	8603	8740	8984	9067	9080	9482		 3.553
374	449	510	1336	2467	2889	3530	3842	3873	3934	4059	4257	4396	4614	4706	5000	5976	6034	6036	6045	6088	6254	6823	7277	7474	7986	9153	9264	9336	9430		 3.120
228	899	1110	1114	1193	1361	1367	2369	3395	3557	4038	4428	4868	4992	5672	5914	6267	6516	6686	6868	7035	7164	8150	8235	8244	8562	8579	8838	9443	9468		 2.134
155	873	1114	1121	1933	2058	2222	2369	2969	3245	3575	3862	4148	4442	4598	4906	5278	6096	6267	6825	6985	6990	7069	7079	7746	8003	8474	8579	8720	9475		 4.343
391	534	775	1165	1247	2369	2388	2412	2441	3041	3384	4339	4401	4614	4794	5081	5724	5823	5980	6155	6475	7159	7287	7596	8150	8242	8579	8721	8925	9192		 2.421
251	471	518	777	1121	1934	2369	2745	2806	2987	3266	3271	3980	4069	4136	4614	4748	5796	6124	6426	7035	7474	7833	7994	8147	8283	8702	9129	9384	9468		 2.757
107	155	651	1554	1750	1779	1823	2426	3447	3898	3937	3960	4046	4148	4813	5019	5541	5607	5926	5976	6101	6596	6719	6788	7021	7212	7955	8003	9040	9448		 4.427
69	637	1114	1470	1984	2019	2166	2369	2399	2723	3388	3832	3847	4572	4748	4906	4911	6024	6401	6925	7036	7127	7206	7474	8579	8632	8892	9054	3230	9545		 2.723
32	454	580	771	886	1271	1521	2362	2662	3058	3102	3232	3272	3595	4148	5106	5205	5505	5899	6254	6554	7035	7115	7912	8219	8416	8429	8431	9446	9566		 1.720
77	155	490	852	854	1114	1121	1165	2337	2523	2582	3678	4205	4473	4718	4833	5110	5672	5704	5823	5846	6107	6493	7510	8150	8579	8842	8918	9032	9053		 2.289
53	391	575	1201	1589	1693	1854	2164	2311	2610	2892	3266	3741	4485	4549	4614	4775	4928	5321	5823	5882	6365	7298	7417	7657	8579	8677	8815	9444	9482		 2.211
60	518	1121	1540	1943	2019	2280	2567	3250	3266	3579	3582	3740	4614	4963	5037	5163	5823	5866	6005	6348	6486	6847	7414	7417	8534	8540	8556	8822	8838		 3.731
155	975	1114	1121	2192	2327	2369	2563	2761	3165	3266	3337	3581	3675	4614	5041	5511	5862	6032	6351	6485	6762	7035	7069	7204	7348	7900	8303	8752	8838		 2.920
251	376	490	534	822	1121	1267	1427	1501	2507	2843	3190	3790	3881	4143	4614	4868	5033	5422	5823	5830	7069	7097	8157	8326	8764	8842	9141	170	9332		 3.767
155	315	391	881	958	1160	2166	2169	2369	2606	3756	3983	4079	4622	4645	4995	5384	5511	5672	5714	5980	6820	7474	7772	8149	8534	8701	8918	9208	9532		 2.881
146	539	886	891	975	1114	1521	1558	1769	1854	1932	1940	3920	4182	4190	4419	4820	5106	5341	5823	6214	6435	6559	6762	7387	8170	8498	8720	9397	9567		 2.571
42	281	454	468	521	975	2427	2933	3266	3274	3933	4768	4866	4868	5205	5320	5341	5580	5672	6067	6107	6595	6829	6975	7607	8173	8553	8579	8925	9482		 3.791
454	625	764	1247	1427	2369	2465	3120	3244	3785	3910	4056	4556	4814	4971	5126	5629	5672	5726	6669	6762	6822	6836	6871	7736	8564	8945	9006	9208	9466		 3.171
439	454	510	1094	1121	1276	1551	1913	2151	2245	2341	2941	3166	3677	3953	4614	5106	5882	6608	6807	6822	7063	7104	7793	8023	8247	8296	8812	8918	9331		 2.975
155	366	918	1315	1322	1943	2518	2549	2808	2899	3070	3145	3753	3997	4148	4414	4591	5668	5714	5993	6836	6841	7069	7499	7747	7997	8023	8714	8838	9446		 3.438
109	131	454	490	900	1029	1114	2695	2809	3266	3546	3704	3898	4056	4498	4519	4667	5823	6075	6465	6784	7069	7771	7885	8127	8720	9208	9212	9283	9446		 4.279
404	580	958	1029	1271	1740	2652	2810	3113	3620	3980	4056	4148	4290	4820	5081	5202	5842	5849	6317	6823	7078	7322	7368	7539	8199	8233	8435	9459	9483		 2.548
6	794	805	856	870	1533	2367	2369	2637	3148	3306	4749	4820	4906	5257	5296	5318	5606	5703	5866	7161	7200	7358	8072	8283	8289	8579	8632	8925	9208		 2.496
454	854	899	1121	1223	1247	1462	2369	3561	4056	4109	4528	4809	5254	5395	5418	5570	5672	5783	5808	5987	6160	7227	7368	7386	7569	8718	8838	8990	9023		 4.018
393	528	1034	1445	1470	1563	2369	3243	3338	3704	4148	4284	4614	4964	5037	5041	5226	5843	6196	6583	6681	6705	7065	7602	7838	7864	8065	8150	8579	9016		 3.199
77	155	289	326	590	1831	2127	2166	2245	2369	3363	3426	3556	3668	3761	4148	4614	5312	5386	5628	5823	6406	6435	8125	8220	8579	8892	9208	9346	9512		 3.924
155	454	855	1247	1698	1721	2127	2369	2412	2736	2910	2917	3244	4614	4723	4868	4961	5037	3171	5439	5470	5672	7227	7389	7612	8001	8487	8579	9209	9473		 3.776
445	478	993	1247	1337	1418	1831	1989	2003	2369	4214	4517	4576	4597	4614	4713	4802	4868	5422	5672	6247	6357	7268	7752	8207	8750	8838	9038	9425	9466		 5.477
155	251	386	1297	1769	2333	2369	2660	2899	3266	3384	3421	3715	3717	4556	4614	4813	4841	5318	5623	5823	6099	6669	6963	7581	7808	8579	8720	9475	9566		 3.798
250	391	407	994	1271	1392	1945	2142	1025	2369	2373	3762	3836	3937	4049	4148	4521	5176	5282	5557	5579	6286	6477	6903	6985	7789	8260	8579	8720	8956		 1.206
155	454	763	872	1164	1165	1247	2369	2525	2570	2864	2937	3329	3419	3678	4662	4820	5079	5359	5672	6134	6457	6521	6930	7199	7705	8708	8838	9170	9208		 3.185
414	1121	1395	1509	2235	2376	2951	3266	3615	3672	3813	4038	5037	5134	5400	5439	5550	5672	5840	6023	6034	6134	7313	8697	8755	8842	8860	8918	8925	9468		 2.587
219	482	6972	886	1323	1335	1854	1900	1979	2427	4148	4198	4219	4428	4455	4780	5829	6022	6762	6765	6856	7069	7605	8017	8107	8388	8579	8866	9064	9589		 2.445
194	634	639	914	7839	1247	1479	1533	1891	2369	2891	3165	3445	3523	4285	4614	4820	4931	5425	5441	5569	6137	6606	6705	6836	7105	8579	8838	9013	9415		 2.075
165	518	679	890	966	1121	5995	1336	1549	1792	2055	2095	2369	3924	3959	4019	4614	6032	6279	6522	7202	7666	8023	8066	8230	8567	8579	9017	9482	9545		 3.106
155	568	958	970	1247	1391	1419	1822	2026	2064	2280	2369	3011	4003	4051	4975	6184	6237	6430	6823	6831	6856	7110	7401	7445	8655	8838	9295	8273	9545		 2.205
82	410	454	907	958	965	977	1659	1858	2015	2368	3092	3866	4056	4110	4118	4517	4714	5158	6192	6573	7035	7147	7212	7346	7424	8003	8283	8859	9446		 3.081
155	183	555	817	1562	1941	2003	2369	3600	3755	4173	4339	4473	4614	5672	5696	6000	6127	6638	2000	6818	7092	7333	7833	8283	8474	8602	8720	9471	9475		 4.824
38	395	482	518	886	1268	1671	1838	2068	2651	3423	3676	3788	4038	4395	4542	4868	4945	5169	5384	6554	6560	6762	7430	8020	8872	8925	9344	9579	9612		 4.488
1	182	1023	1126	1212	1482	1854	1961	2369	2810	2853	3819	3876	4148	5071	5158	5181	5219	5964	6011	6958	7883	7986	7991	7998	8537	8579	8624	8720	8768		 2.373
155	367	600	661	1077	1459	2352	2369	3060	4148	4909	4915	4960	5203	5288	5681	6022	6262	6300	6556	6646	6836	7139	7256	7657	7754	7780	8838	9206	9333		 4.664
494	505	869	1285	1346	2142	2369	2972	3344	3627	4148	4429	4614	4906	5037	5061	5360	5522	5627	6144	6607	6618	6669	6902	7512	7620	8023	8579	8802	9330		 2.452
77	155	1114	1121	1217	1473	1833	2056	2369	2677	3160	4024	4148	4775	4928	5341	6127	6309	6421	6854	7348	7526	7717	7795	7809	7883	8003	8579	9295	9468		 2.424
155	195	542	802	815	1392	2362	3363	3979	4148	4273	4378	4778	4797	4868	4906	5036	5277	5823	6022	6127	6705	7417	7534	8023	974	8579	9040	9209	9346		 2.636
222	320	574	651	7693	1168	1583	2003	2369	3149	3423	3450	4582	4906	4948	5032	5440	5991	6272	6418	6560	6701	6796	7188	8009	8020	9048	9299	9340	9475		 7.679
155	454	472	639	1144	1247	1281	2036	2597	2660	2711	3463	3751	3995	5039	5060	5439	5672	6119	6183	6418	6690	6856	7088	7965	8388	8579	8777	9340	9475		 3.425
405	454	968	981	1110	1121	1361	1439	1969	2369	2501	3274	3347	3582	4868	5324	5570	5672	6127	6358	6796	6935	7157	7528	7784	8066	8579	8675	9006	9032		 1.845
56	813	1247	2019	2069	2133	2337	2369	2862	3246	3630	3881	3937	4075	4508	4589	5037	5672	7227	2960	8023	8400	8799	8825	8830	8871	8922	9209	9430	9556		 2.121
155	924	1123	1251	7969	1523	1847	2166	2526	3154	3842	4585	4718	4801	4820	4868	5205	5667	5672	5812	6190	6418	6669	7201	7574	8023	8565	8838	8969	9295		 3.033
841	1023	1110	1114	1121	1465	1560	1589	1839	2768	3005	3344	3643	3820	3936	4794	5143	5672	6354	6493	6705	8129	8150	8283	8302	8579	8824	8829	9148	9446		 2.794
155	212	248	482	1481	1682	1954	2132	2343	3179	3329	3810	3915	4148	4337	4779	4866	4960	5101	5154	5288	5442	6252	6949	7084	8918	9040	9112	9539	9599		 3.441
34	471	1114	1465	1576	2003	3429	3591	3912	4153	4339	4614	4887	4997	5106	5457	5605	6037	6280	7035	7953	8207	8341	8459	8534	8692	9040	9086	9458	9545		 2.941
32	454	490	494	965	1047	1121	1247	1378	2399	2484	2570	3038	3342	3554	3802	4967	5672	5743	6247	7117	7386	7544	8325	8605	8838	8966	9283	9303	9331		 3.463
415	605	1077	1114	1121	2124	2352	2369	2549	2691	2795	2900	3873	4148	4614	4736	4928	5041	5214	6977	7302	7325	7328	7348	7417	7814	8579	8606	9140	9482		 2.681
450	454	678	705	1138	1247	1335	1659	1695	1932	1952	2280	2369	4655	5106	5154	5350	5606	5810	5853	6193	6493	6762	6836	6913	7684	8388	8579	8726	9249		 2.314
518	784	1335	1439	1596	2019	2116	2369	3165	3175	3594	3697	3906	4583	4595	4857	5261	5672	6267	6598	6752	6978	6998	7417	7990	8283	8408	8887	9054	9482		 2.964
32	249	251	763	1019	1263	1470	1474	2143	2383	3922	4049	4148	4271	4365	4614	4796	4813	5578	6865	7083	7233	7288	7916	8576	8829	9188	9475	9556	9568		 4.492
251	742	815	942	958	1094	2783	3023	3266	3817	3852	4264	4731	4820	4868	4906	5672	5720	5905	6573	6823	7035	7115	7159	8190	8273	8497	8834	9468	9482		 2.122
32	109	236	473	502	714	1114	1193	1323	2145	2169	2282	2369	2605	2769	3340	4614	4911	5400	5483	5987	6418	6611	6705	4323	8720	8812	8897	9475	9604		 4.084
251	555	955	1088	1114	2553	2887	3613	3779	3922	4148	4610	4614	4893	5710	5723	5841	5848	5891	6579	6856	6987	7278	7994	9300	8356	8579	8925	9006	9228		 2.370
155	305	604	1046	1643	2014	2166	2282	2831	2862	2931	3486	3575	3932	4114	5058	5482	5672	5745	5956	6888	6932	7035	7574	7657	8045	8289	8412	9427	9615		 4.076
104	155	185	619	639	692	712	1773	2014	2166	2199	2405	2668	3676	3932	4377	4614	4801	5020	5435	6139	7069	8133	8196	8439	8521	8672	8842	9193	9482		 2.810
186	373	530	790	1357	1392	2044	2238	2369	2769	3238	3266	3860	4339	4603	4869	4906	6127	6762	6783	6868	6986	7078	7615	8003	8283	8579	8800	8925	9481		 2.206
169	237	454	1441	1444	1943	2019	2040	2347	2369	3290	4148	4946	5090	5439	5672	5779	6135	6435	7344	7438	8003	8283	8579	8700	8838	8856	9210	9482	9593		 3.586
155	1114	1193	1259	1389	1452	2070	2437	2471	2549	3087	3932	4056	4058	4473	4614	4949	4959	6049	6211	6871	6939	7417	7981	8243	8579	8720	9104	9470	9475		 2.830
396	482	855	986	1437	1555	1573	1866	8657	2545	2561	3091	3788	4038	4517	4614	5207	6057	6766	6977	7045	7068	7417	8012	8289	8579	9130	9331	9475	9482		 3.731
171	3516	430	865	875	1247	1940	2369	2681	3173	3909	4075	4301	4614	4885	5341	5926	6266	6638	7194	7265	7339	7389	7640	7806	8072	8106	8395	8878	9120		 4.352
104	155	773	975	993	1117	1121	1847	1938	2375	2990	3189	4232	4529	4614	4754	5275	5657	5823	5828	6645	6705	6836	6998	7069	8102	8579	8778	8783	8925		 2.548
155	529	894	1023	1728	1815	1854	2415	2496	3013	3420	3669	4148	4675	4740	4797	4868	4998	5205	5373	5823	6084	6139	6491	6786	7118	8579	8971	9243	9468		 1.399
155	249	413	1121	1522	1750	1871	2369	2768	3738	3999	4042	4614	4813	5107	5672	5777	5902	6692	6706	7212	7258	7981	8283	8326	8603	8842	8918	9283	9395		 4.181
146	454	683	1289	2275	2287	2369	2437	2604	3313	3552	3688	3723	3932	3965	4056	4440	4518	4614	5806	6492	6530	7212	7364	7368	7972	8356	8481	8780	9029		 1.525
315	454	891	1193	1247	1983	2174	2301	2369	2560	2844	3165	3166	3266	4868	4906	5672	6116	6147	6160	6334	7035	7126	7498	7547	8579	8838	8980	9383	9482		 3.610
155	536	914	1121	1247	1492	2320	2517	2564	2532	2688	3594	3766	4614	4687	4736	4868	5020	5101	5746	5749	6345	6431	6554	6705	7155	8283	8534	8842	9295		 2.267
77	155	197	651	855	1069	1958	2199	2254	2369	3425	3443	3602	3851	3908	4058	4148	5470	5620	6479	6966	7185	7100	7388	8073	8425	8672	9015	9468	9603		 5.924
155	372	437	690	1113	1121	2369	2549	2639	2825	3340	4038	4529	4614	5252	5639	5777	2528	6017	6127	7093	7134	7830	8019	8283	8468	8577	8579	8838	9446		 2.187
155	249	315	546	1297	2127	2369	2370	3425	4148	4813	4829	4841	4931	5333	5341	5570	5801	6184	6491	6590	6834	6836	7302	7348	7417	7682	9363	9562	9599		 4.078
155	524	833	1241	1289	1854	1946	1973	1992	2055	2369	2700	2799	3060	3266	4339	4444	5478	5490	5823	6433	6977	7035	8066	8210	8435	8720	8726	8838	8842		 3.136
136	155	251	540	1025	1247	1280	3597	2268	2352	2369	2397	2736	2766	4541	4614	4803	5037	5696	6010	6856	8303	8360	8407	8702	8846	9013	9098	9482	9545		 2.048
412	471	763	1242	1247	2185	2452	2109	2962	3006	3643	3756	4148	4428	4736	4948	5672	6053	6177	6373	6896	7417	8235	8556	8579	8821	8980	9001	9216	9475		 4.841
448	641	1257	1617	2799	2922	3043	3181	3810	3860	4112	4227	4614	4808	4850	5037	6014	6492	6688	6821	6856	7164	7211	8065	8356	8889	8897	9132	9295	9429		 1.761
7993	454	542	679	881	1593	2368	2369	2632	2913	3265	3343	4148	4339	4571	4601	4614	5001	6674	7164	7178	7280	7348	7539	7637	8662	8838	9331	9389	9562		 2.589
1070	1121	1222	1392	9412	2066	2369	2375	2695	2736	3078	3333	4806	4828	5542	5570	5672	5823	6711	7045	7227	7348	7418	7507	7613	8479	8579	8838	9209	9331		 2.828
91	208	448	774	976	1120	1229	1990	2118	2396	2402	2549	3213	4614	5543	5652	6205	6295	6565	6596	7047	7227	8112	8393	8579	8825	8838	8925	9356	9520		 2.488
305	629	1121	1129	1411	1706	1854	1915	2112	2369	3266	3950	4083	4693	4820	4997	5092	5106	5823	6485	6530	6654	7035	7061	7343	8353	8585	8838	9208	9492		 2.348
155	241	833	1114	1121	1936	2239	2247	2333	2369	3112	3537	3571	3658	4038	4148	4195	4258	4590	5202	5823	5936	6654	6753	8501	8579	8842	9057	9064	9539		 2.136
155	854	896	958	1093	1191	1247	2245	2369	3151	3836	4148	4502	4554	4590	4820	5309	5672	5769	5967	7201	6669	7265	7286	7652	8232	8283	8602	8812	9473		 3.405
67	1213	1847	2607	2794	3043	3107	3244	3847	3932	4248	4446	4558	4562	4906	5396	5453	5458	6338	6536	6669	6856	4736	6966	6978	8579	8580	8854	8939	9208		 3.435
155	414	788	1077	1428	1437	1542	1937	2369	3796	3878	4056	5270	5570	5626	5628	5848	6209	6692	6730	6887	7065	7069	7287	8711	8838	8842	1166	8918	9568		 3.436
637	718	845	1093	1777	1854	2188	2300	2754	3068	3081	3378	3775	4148	4572	4919	5138	5450	5823	6047	6478	7410	7593	7657	7872	8157	8188	8579	8653	9317		 2.526
514	677	991	1205	1854	3164	3165	3594	3613	3751	4121	4447	4614	4820	5926	6547	6705	7072	7101	7116	7377	7547	7874	7960	8048	8579	8580	8714	9387	9599		 2.414
155	423	875	1222	1080	1640	1784	2794	3151	3266	4148	4277	4571	4578	5510	5742	6127	6219	6441	7052	7389	7569	7830	8003	8534	8579	8583	8714	9363	9468		 2.770
251	310	785	1247	1764	1935	2188	2369	2402	2438	2573	3929	4361	4614	4820	5823	6022	6033	6856	6907	6936	6997	7344	7978	8135	8714	8897	9295	9430	7774		 3.133
449	646	1247	1336	2046	2267	3129	3496	3728	3923	3932	4772	4931	5015	5350	5473	5669	5672	5114	6250	6711	7227	7417	7512	8296	8647	8669	9122	9475	9564		 4.838
23	251	500	609	8690	1762	2023	2138	2711	3128	3290	4148	4359	4466	4517	4614	4820	4929	4054	5621	5695	5744	3921	5823	7069	7398	8336	8925	9505	9579		 2.426
375	1324	1495	1854	1884	1885	1921	1990	2318	2369	3086	3175	3308	3975	4148	4260	4614	5889	6752	7331	7455	7878	8323	8365	8440	8579	8720	9040	9346	9448		 2.803
82	235	833	1113	1114	1138	2137	2208	2327	2444	3503	3613	3886	4061	4148	4239	4277	4517	6130	6317	6545	6783	7073	7593	7905	7939	8207	8397	8925	8971		 3.213
454	468	966	1121	1232	1335	2280	2343	2369	2861	2942	3011	3108	3425	3717	8004	4614	4838	5037	5570	5672	6970	7035	7069	7127	7367	7561	8686	8838	9006		 2.766
251	419	811	1106	1342	1475	2752	3482	3561	3932	4148	4197	4381	7383	4428	4614	4731	4960	5106	5379	6065	7642	8003	8121	8244	8289	8377	9262	9322	9475		 2.538
996	1165	1247	1439	1854	2341	2369	3027	3038	3166	3266	3550	3575	3675	4462	4597	4614	4779	5240	6094	6553	6820	6836	7657	8023	8283	8289	8802	8891	9482		 2.318
241	855	900	1533	1560	1861	1961	2298	2676	2776	2918	3306	3925	4148	4501	4906	5062	5467	5503	6085	6139	6209	6353	8150	8283	8579	8743	8925	9432	9450		 2.989
88	155	454	833	908	1029	1121	1562	2541	2736	2838	3094	3175	3189	3246	4444	4614	4795	4854	4906	5381	6190	6398	7035	7838	8188	8205	8456	8856	9482		 4.134
43	104	958	1267	1269	1542	1813	1840	2369	3266	3450	4237	4416	4906	4928	5106	5439	6168	6173	6217	6448	6492	6571	7111	7902	7951	8283	8456	8752	8842		 2.039
82	1411	1430	1561	1884	2118	2209	2460	2745	2825	3468	4148	4433	4508	4563	4899	4906	5396	5724	5823	7207	7208	7465	8178	8201	8315	8579	9170	2072	9530		 3.532
494	1348	1514	1791	1854	2068	3127	3344	3403	3878	4111	4148	4200	4768	4783	4817	5139	5439	5508	5712	6606	7536	7660	7889	8164	8579	8683	8714	8737	9455		 2.922
155	318	454	678	951	1023	1121	1300	2369	2651	3523	3895	3898	4062	4424	4614	4859	4919	5384	5672	7035	7165	7331	7986	8066	8198	8672	9006	9455	9487		 3.212
125	472	573	980	1088	1121	1335	1392	2188	2311	2369	3594	3752	4440	4455	4768	5672	6382	7188	7227	7545	7656	7726	8023	8031	8283	8812	8986	9379	9482		 2.679
90	764	909	1114	1521	1676	1863	2194	2563	3486	3596	4153	4428	4497	5672	5745	5871	6120	6134	7043	7827	7898	8283	8289	8400	8527	8579	8640	9295	9356		 2.584
275	628	800	1121	1336	1802	2137	2369	2660	2922	3344	3970	4572	4614	4718	4821	6052	7417	7543	7564	7689	7758	7842	8003	8010	8283	8521	8925	9482	9484		 2.689
155	523	628	1216	1336	1691	1763	1943	1962	2369	2412	2892	3423	3723	3983	4027	4034	4328	5306	6687	6701	6822	6843	6907	7278	7361	7784	8006	8925	9118		 5.760
23	412	713	839	1007	1854	1884	2643	3362	3808	4148	4416	4507	4796	4827	4868	4906	5067	5823	7293	8078	8150	8497	8579	8918	9125	9135	9284	9525	9545		 3.370
249	473	491	905	1341	1431	1884	2028	2048	2063	2369	2884	3423	3769	3894	4155	5273	5619	5657	5673	6605	7069	8005	8542	8800	8838	8966	9176	9446	9475		 5.068
32	155	507	725	975	1247	1415	1675	1854	2369	2736	3069	3338	3378	3964	4148	4339	4522	4906	5772	6435	6854	6886	7846	8023	8721	8918	9006	9313	9545		 4.276
155	159	641	1798	2083	2375	2603	3124	3682	4038	4590	4667	4748	4796	4820	5148	5672	5724	5848	6433	6641	6856	7035	7425	7822	8264	8598	8838	8971	9321		 4.155
870	995	1121	1296	2166	2846	3175	3681	4038	4148	4192	4851	5310	5433	5483	5673	5725	6049	6090	6696	6794	6958	7012	8041	8283	8356	8435	8496	9192	9283		 3.703
155	165	619	1121	1591	1932	2280	2448	2695	2880	3098	3803	3836	4148	4838	5318	5439	5491	5511	5546	5672	6033	7069	7600	7943	8003	8289	8701	9534	9615		 3.825
77	155	324	610	1888	2056	2367	2369	2747	3266	3363	3681	3701	4148	4868	4945	5254	5400	6599	6705	6836	6909	7340	7417	8020	8506	8541	8579	8720	9040		 2.985
155	1029	1247	1738	1854	1884	1893	2369	3058	3575	4332	4820	4950	4975	5106	5439	5806	6827	7035	7134	7392	7417	7758	8003	8020	8173	8838	9108	9467	9545		 2.801
91	375	1322	1336	1985	2142	2369	2779	3170	4682	4744	4948	5139	5838	5946	9431	6177	6405	6409	6543	6914	7311	7348	7541	8023	8070	8205	8502	8579	8838		 2.249
155	344	531	653	675	1247	1335	1664	2369	2591	2696	2825	3738	4148	5271	5357	5672	5823	6199	6285	6741	7400	7593	7967	8283	8412	8579	8598	8765	9180		 2.906
175	237	299	975	976	1236	1247	2369	2668	3305	3406	3599	4517	4614	4801	5277	5623	5823	6427	7205	7520	7636	7991	8607	8720	8838	8921	9139	9256	9296		 2.007
155	1143	4278	1335	1342	1830	2026	2256	2651	2913	3418	3544	3665	4277	4614	5487	6118	6141	6701	6940	7026	7069	7837	7983	7988	8066	8897	8923	9475	9533		 6.019
91	155	281	449	1392	1440	2056	2367	2742	3353	3436	3847	4166	4536	4541	4614	5570	5913	5998	6190	6964	7074	7265	7417	7533	8579	8681	9043	9360	9468		 2.913
155	357	359	501	890	1049	1290	1772	1941	2369	2570	3340	3800	4015	4318	4906	5169	5254	6152	6160	6365	6871	7003	7265	7420	7631	7973	8718	9328	9475		 4.368
315	413	482	900	1085	1560	1854	2003	2766	3777	4045	4416	4597	4614	4782	4942	5119	5450	5723	5832	6119	6857	7074	7809	8255	8579	8902	9371	9383	9430		 3.415
221	358	465	886	1448	1489	1854	2631	2729	2857	2931	3453	3979	4148	4491	4511	4797	4960	5205	6090	6127	6456	6459	7363	7864	8020	8112	8168	8326	8579		 2.350
266	490	1330	1464	1682	2151	2369	2399	3056	3250	3266	3979	4040	4428	4842	4906	5322	5570	5760	6003	6646	6697	7507	5761	8150	8512	8732	8833	8884	9230		 2.077
472	515	1854	2007	2745	2825	2870	3415	4148	4513	4931	2079	5179	5205	5306	5730	5865	6086	6230	7069	7211	7358	7394	7827	8182	8327	8579	8815	8825	9342		 2.430
162	763	1055	1102	1432	1562	2369	3321	3453	4056	4517	4568	4608	4911	5356	5374	5964	6755	6807	6839	7069	7550	7792	7810	7874	8020	8169	8838	9208	9388		 3.898
98	454	782	1121	1247	1430	1796	1854	2019	2226	2369	2752	2776	3632	4043	4195	5069	5672	6177	6726	6728	6762	7035	7456	7468	7713	7949	7951	8003	8464		 3.561
155	314	763	866	1148	1469	1945	2019	2460	3238	4095	4614	4649	4695	4736	4748	4804	4823	5026	6036	6139	6215	6623	6653	6730	8043	8352	8718	9069	9263		 3.351
42	454	470	678	1002	1166	1253	2170	2747	2795	3159	3668	3790	4056	4294	4518	4614	5037	5511	5590	5617	7069	7212	7258	7940	8289	8718	8748	8925	9362		 3.553
454	608	680	1160	1247	1367	2245	3732	3793	4392	4517	4642	4785	4949	5176	5320	5541	5823	6109	6639	6669	7205	7914	7977	8296	8720	8956	9014	9208	9269		 1.975
155	405	1114	1121	1392	1409	2352	2626	2707	2745	2850	3596	4097	4148	4529	4885	4906	5469	5823	6389	6546	6573	7474	7543	8289	8579	8720	8825	9482	9535		 2.953
454	489	641	1671	1708	2225	2573	3421	3824	4038	4049	4056	4523	4614	5096	5880	5996	6159	6669	6778	6856	7207	7642	8023	8296	8579	8603	8897	9384	9482		 2.287
446	763	1142	1168	1193	1596	1943	2062	2369	2552	2588	2604	4164	4267	4614	4813	4906	5343	5856	6008	6754	6755	6800	6899	7286	8672	8838	8855	8967	9168		 4.501
75	155	639	969	1009	1268	1533	1945	2009	2166	3044	3594	4116	4148	4868	4906	5324	5507	5672	5765	5823	6487	6518	7227	7657	7721	8079	8283	8356	9482		 3.914
155	454	1184	1247	1310	1642	1677	1895	2369	2783	4906	5439	5448	5599	5672	6579	6834	6907	7212	7344	8134	2890	8205	8283	8478	8579	8603	8821	9482	9599		 3.197
249	266	320	1121	1505	1824	2369	3107	3322	3570	4565	4601	4614	4688	4711	5488	5950	5958	6647	6701	7046	7803	7915	8185	8675	8720	9106	9454	9475	9605		 3.577
454	1135	9223	1198	1247	2369	2448	4205	4409	4587	4642	4820	4906	5107	5396	5423	5513	5603	5672	6127	6355	6486	6912	8420	8546	8579	8718	8838	8925	9544		 3.271
165	251	500	559	914	1005	1121	1375	2369	2448	2793	2799	2931	3266	3550	4051	5325	5469	5672	5796	6502	6847	7035	7073	7872	8412	8653	8925	9262	9429		 3.102
69	155	165	318	1571	2064	2111	1166	2369	3046	3266	3267	3929	3931	4292	4614	6014	6029	6694	6856	7025	7035	7265	7417	8714	8721	8925	8960	9332	9491		 3.723
178	534	1092	1335	1602	1847	2156	2369	2443	3266	3344	3860	4054	4826	4909	4945	5880	7069	7101	7358	7417	7547	8228	8287	8325	8720	8824	8925	9170	9290		 2.289
454	976	1168	1336	2032	2369	3352	3371	3416	3423	3801	4042	4104	4517	4622	4829	5381	5412	6023	6277	7313	7389	8066	8310	8464	8559	8720	8870	8925	9324		 4.326
136	336	4822	1336	1453	1854	2166	4114	4138	4148	4281	4614	4681	4823	4906	4933	5037	5237	5259	5326	6445	6985	7035	7239	7529	7887	7978	7989	8438	9079		 4.023
109	550	1168	1462	1693	1925	2369	3204	3846	3979	4148	4241	4437	5254	5384	5479	5503	5557	5823	6245	6451	7228	7642	7838	8005	8406	8485	8662	8720	9475		 4.824
155	303	482	535	981	1491	1912	2369	2581	2854	3089	3686	3995	4007	4326	4801	4813	4862	5672	5905	6031	6560	6938	7114	7197	8053	8838	9109	9307	9599		 4.709
61	182	822	975	1533	1569	1929	1990	2369	2625	3778	3880	4109	4614	4820	4853	4678	5037	5039	5252	5333	5379	7149	7565	8065	8150	8579	9065	9208	9386		 2.550
255	472	490	763	980	1587	2825	3390	3486	3898	4080	4507	4556	4614	4841	5979	6418	6962	6985	7386	7417	7613	7864	8016	8499	8579	8802	8870	8925	9171		 3.116
672	712	719	1009	1854	2068	2101	2368	2369	7850	4572	4576	4718	4801	5679	5806	6295	6711	7227	7358	7404	7495	7781	7925	8177	8197	8579	8838	8918	9283		 3.010
155	454	966	1121	1247	1854	2369	2568	3550	3772	3929	4038	4116	4215	4603	4692	2816	5252	5628	5672	5720	5849	6726	6847	7555	7642	7715	7897	8283	8925		 3.707
155	485	489	1912	2293	3340	3455	3735	4339	4428	4558	4614	4864	5169	5252	5511	5626	6669	6773	6807	7184	7195	7772	7830	8579	9172	9307	9458	9475	9556		 4.896
429	555	822	1114	1324	1884	2031	2369	2850	2963	3843	4038	4079	4102	4521	5161	5672	5796	5924	5961	6042	6127	6443	6992	7494	8060	8283	8296	9482	9599		 2.553
6468	104	380	886	1431	1620	2064	2369	2407	2567	2743	2776	2908	2911	3179	3423	4148	4153	4642	4820	4911	5106	6078	6501	6646	7474	8045	8458	8866	8883		 2.153
155	251	454	635	700	873	1247	1269	1376	1629	2226	2369	2745	3145	3204	4614	5037	5176	5541	5543	6554	7069	7358	1804	7692	8815	9012	9469	9482	9491		 3.141
155	413	453	524	1306	1374	1638	2166	2369	2570	2733	3025	3289	3838	4428	4614	4794	4813	5121	5672	6677	7328	7348	7922	8721	8838	8856	9142	9482	9520		 6.257
72	342	454	532	575	1019	1175	2036	2532	2647	3582	3978	4038	4543	4614	4627	4801	4941	5205	6657	7035	7063	8264	8293	8498	8718	8815	8838	8923	9209		 3.736
91	155	412	459	518	596	1414	1430	1521	1639	1999	2221	2369	2629	4413	4174	4736	5026	5672	6124	6324	7474	8289	8579	8672	8712	8838	8856	9201	9468		 3.245
251	444	1024	1110	1419	1442	1611	1929	2036	2101	3288	3642	4037	4038	4614	4775	4953	5154	5232	5613	5619	5703	6786	6856	7035	7420	7614	7763	8833	9209		 3.012
7	490	637	924	967	1685	1854	2041	2613	2632	3344	4148	4561	4797	4906	5283	5384	5439	5447	5458	6428	6477	6482	6653	7951	8023	8129	8579	8621	8846		 2.304
17	1085	1102	1121	1366	1498	2201	2369	2580	3244	3422	3496	3580	3958	4708	4909	5599	5672	5962	6326	6600	6669	7460	7674	7802	8283	8286	8579	8594	8678		 1.825
338	454	482	8711	885	898	1157	1175	1247	2343	2369	2802	3030	3249	3934	4148	4195	4817	5139	5205	5672	6618	6856	8033	8147	8289	8579	8838	9040	9079		 3.035
169	454	518	886	1047	1422	2191	2369	2556	2777	3209	3416	3483	4459	4906	4975	5176	5871	5899	6057	6645	6762	6823	7083	7454	8020	8254	8579	8838	9468		 2.182
155	454	947	1121	1161	1521	1635	1784	2369	4117	4614	4615	5645	5672	5751	6209	6418	6762	7073	7227	7837	7847	8008	8283	8390	8579	8720	8925	9208	9492		 2.468
107	367	1114	1206	1275	2369	3244	3265	3688	4863	4975	5205	5511	5489	5576	5605	5642	5910	5992	6033	6164	6985	7330	7885	8003	8078	8246	8483	8579	9453		 2.366
155	390	783	955	1497	1943	2008	2045	2292	2369	2407	3266	4145	4158	4190	4678	4796	5172	5796	5823	5926	7049	7691	7772	7869	7972	8579	8626	9086	9313		 1.918
394	671	811	869	1121	1213	1664	1915	2369	2879	3172	3294	3752	3977	4311	4590	4928	5037	5485	5621	6209	6516	6753	8579	8720	8838	8860	8918	8942	9449		 3.667
77	155	332	511	539	1019	1121	1247	1808	2302	2779	2825	2908	3486	4148	4406	3787	5543	5806	6084	6782	7607	7642	7657	8283	8579	8774	8825	9249	9517		 1.873
449	454	1121	1810	1895	2369	3077	4195	4257	4377	4556	4601	5147	5543	5615	5652	5672	5701	6009	6098	6697	6992	7732	7838	1369	8261	8579	8842	9283	9295		 3.421
315	678	1121	1247	1660	1854	1864	1867	1990	2029	7984	2325	2369	4407	4614	4707	4714	5578	6153	6831	7348	7642	7657	8023	8254	8464	8579	8701	8720	8963		 2.099
3	4	392	462	680	763	1247	1964	2271	2651	2951	3253	3390	3757	4148	4153	4236	4517	5322	5341	5396	6543	6680	7398	8003	8100	8147	8579	8692	9477		 3.768
155	454	628	685	975	1330	1591	1758	1784	2369	3266	3461	4116	4135	4906	5976	6111	6646	6713	6856	6975	7799	8125	8158	8201	8579	8718	8720	8846	8925		 3.331
91	909	2284	1247	1346	1854	2234	2369	2447	2794	3266	3997	4542	4586	4614	5106	5206	5806	5825	5880	6561	6836	6942	7249	7474	8410	8424	8579	8925	9580		 1.742
86	391	637	1114	1445	1560	1727	1806	1989	2369	2408	2768	2857	4131	4339	4614	4740	4678	5561	5823	6347	6498	6644	6819	7134	7887	8019	8283	8579	8580		 1.752
155	1029	1121	1193	1221	1225	1336	1589	1941	1980	2346	2369	2412	2745	3450	4614	4796	5623	6705	6706	7007	7096	7417	7973	7981	8283	8579	8692	9473	9533		 3.696
155	280	534	763	1200	1247	1429	1589	1709	1800	2296	2369	2854	3266	3921	3984	4029	4614	5327	5470	5672	6561	7069	7074	7433	7968	8838	9240	9295	9331		 3.907
423	504	559	855	1015	1247	1533	2736	3122	3165	3269	3420	4496	4614	4643	5045	5320	5613	6705	6871	8072	8143	8283	8602	8720	8842	8868	9545	9583	9599		 2.913
454	569	631	639	932	958	1026	1247	1348	1428	2438	2478	3811	3932	4517	4614	4782	4885	5507	5511	5823	5983	6127	6153	6451	8060	8552	9006	9344	9482		 2.054
315	1114	1206	1217	1838	2280	2445	3090	4038	4056	4155	4309	4480	4491	4614	4838	5707	5823	6187	6836	7445	7983	8023	8066	8247	8718	8838	8925	9152	9540		 2.260
62	245	448	480	964	1201	1521	1533	2063	2369	3786	4148	4219	4868	5384	5432	5474	5672	5849	6349	6555	6762	7358	7508	7650	8149	8283	8456	8846	9260		 3.014
210	593	898	1193	1247	1428	2301	2557	3266	3363	4029	4148	4195	4324	5106	5205	5534	5714	5823	6048	6354	6836	6904	7069	8003	8361	8464	8579	8917	9290		 2.731
341	358	454	833	1241	1247	2109	2311	2369	2729	997	2896	3124	3799	4550	4614	5176	6258	6444	6556	7001	7021	7069	7212	7405	7411	7697	8203	8579	8838		 1.928
155	343	996	1121	1201	1478	1923	1978	2022	2042	2182	2245	2736	4614	4711	5664	5980	6083	6213	6771	7208	7674	8058	8266	8579	8759	8788	9006	9523	9545		 3.679
331	482	635	785	1047	1918	2752	2959	3232	3258	3416	3555	4169	4455	4511	4614	4682	4906	4973	5152	5235	5362	5623	6987	7422	7426	8838	9029	9090	9512		 2.627
155	454	553	558	678	1526	1600	1754	2369	2822	3159	3179	3528	4056	4614	5176	5350	5725	5745	4263	6371	6472	6669	6705	7577	7999	8325	8815	8856	8985		 1.877
125	454	473	525	891	1392	1534	1847	2019	2329	3776	4056	4410	4614	4645	4793	4868	5318	5745	5820	6127	6190	6587	7917	8627	8720	8838	9379	9545	9612		 2.285
229	236	941	998	1051	1211	1750	1854	1888	2062	2369	2479	2838	3072	4148	4233	4960	4975	4981	5093	7023	7704	8020	8249	8350	8384	8579	8846	8925	9370		 2.481
643	670	865	893	908	1646	1656	1991	2045	2442	3688	3832	4517	4572	4820	5027	5091	5326	5396	5936	6283	6477	7057	7466	8150	8512	8579	9024	9482	9491		 4.640
102	872	1229	1443	1523	1854	1906	2100	2369	2711	2827	3948	4148	4572	4945	5341	5511	5542	5925	6173	969	6977	7545	8244	8523	8579	8720	8885	9367	9563		 2.263
155	209	952	1271	1488	1533	2369	2601	2793	3635	3756	4219	4529	4568	4598	4614	5018	5041	5752	5791	6064	6669	6728	6841	8164	9608	8783	8802	8815	8923		 2.708
107	454	482	534	1247	1738	2106	2358	2369	2740	2769	2806	3754	4038	4297	4315	4410	4614	5106	6492	6811	7069	7456	7466	8289	8398	8495	8579	8897	9460		 1.651
414	454	635	637	762	1150	1247	1974	3142	3753	3800	4038	4148	4277	4517	4543	4590	4782	2502	5621	7069	7485	7740	8012	8020	8115	8694	8838	9331	9475		 2.936
23	1012	1427	1470	2369	2698	2742	3245	3342	3860	4389	4723	4734	4821	4859	4975	5106	5341	5439	5610	5748	6241	6641	6947	7035	8289	8363	8579	8889	9363		 1.666
629	634	641	822	968	1098	1121	1247	2369	2501	2963	3165	3800	4075	4614	4820	4911	4986	5001	5037	5341	5593	5734	6280	7104	7303	7547	9208	9350	9436		 3.682
155	704	1075	1121	1247	1462	1769	2369	2641	2803	3266	3813	3870	4148	4339	4703	5036	5672	6155	6179	6654	6676	6969	7222	7417	7676	8283	8388	8626	9228		 3.246
454	683	762	791	822	1454	1928	2612	2745	2828	3390	4339	1484	4769	5028	5100	5106	5138	5253	5584	6418	7035	7069	7895	8283	8388	8842	9109	9336	9386		 1.844
237	436	709	993	1296	1854	2021	2026	2793	2794	3579	3754	4148	4377	4394	4614	5246	5341	5629	5924	5777	6351	7846	8023	8473	8534	8579	8720	8783	8802		 2.515
155	454	468	513	544	643	1186	1299	1336	2044	2280	2700	2741	3836	4614	4782	4796	4857	6697	6762	6796	6998	7069	7988	8681	8741	8842	9054	9430	9590		 3.138
155	454	490	657	949	1085	1436	1888	2369	3266	3482	4109	4193	4716	4933	4963	5439	5672	5745	6184	6985	6992	7004	7341	8579	8677	8918	9295	9363	9482		 3.108
155	338	454	475	704	1094	1247	2800	2891	3016	4038	4455	4614	4820	4942	5460	5554	6119	889	6856	7069	7164	7278	7372	7417	7460	7887	7907	8838	9389		 3.562
454	654	1241	2447	2806	3033	3046	3266	3552	4034	4100	4103	4455	4736	4820	5106	5205	5657	5805	5807	6152	6418	6823	6836	7035	8013	8205	8384	8579	8838		 2.177
301	518	684	894	898	944	3065	4148	4485	4581	4788	5085	5310	5324	5384	5587	5679	6030	6803	7077	7772	7975	8003	8020	8274	8585	8631	8860	9379	9430		 3.590
332	518	691	1121	1157	1199	1247	1390	1854	1890	2169	1733	3388	3594	4148	4517	4701	4909	4975	6825	6921	7077	8041	8435	8517	8783	8838	9209	9313	9556		 3.281
155	390	1092	1114	1247	1410	1884	1948	2662	2766	2898	3266	4148	4164	4614	5274	5350	5439	5672	6127	7679	7824	7994	8106	8283	8579	8838	8899	8950	9243		 3.295
53	155	775	1247	1430	1953	2166	2357	2369	2443	2517	3305	3417	3754	4148	4244	4614	4683	5714	6435	6641	6690	7223	7307	8006	8384	8681	8838	9230	9320		 3.325
116	558	1247	1374	1429	1521	1854	1969	2766	2951	4038	4244	4332	4523	4566	4920	5244	5623	5672	6660	6669	6812	6856	8054	8302	8579	8814	9057	9183	9295		 3.368
155	518	980	1113	1114	1318	2328	2369	2517	2711	3179	3306	3534	3635	4049	4389	4558	4916	6530	6531	6547	6669	7111	7631	8024	8579	9006	9148	9170	9389		 2.633
155	211	482	1023	1102	1260	1884	2556	2632	2701	2794	2951	3179	3484	4056	4580	5037	5396	5439	5672	5796	5810	7035	7344	7932	7984	8150	8927	9067	9331		 2.486
32	394	762	873	1121	2238	2597	2602	3266	3331	3391	4241	5205	5406	5756	6099	6554	6657	7035	7069	7335	7547	7712	7725	8579	8814	8925	8927	9460	9534		 2.905
155	405	472	494	715	1114	1890	1906	1989	3406	3537	3738	4374	4514	4769	4829	5188	5672	5745	6433	6654	7072	8023	8129	8235	8698	8815	8838	8918	9006		 4.084
155	656	969	1121	1289	1335	2003	2369	2494	3165	3299	3752	3836	4928	4961	5597	5672	6545	6977	7074	7346	7543	7986	8003	8419	8584	8720	8767	8833	9237		 3.207
155	518	1121	7910	1222	1525	1800	2245	2369	3810	4312	4535	4614	4906	6117	6350	6554	6891	6903	7035	7205	7341	8020	8289	8838	8842	8925	9280	9331	9565		 4.130
155	530	900	1392	1414	1932	2044	2369	2375	4038	4459	4587	4614	4801	4804	5037	5688	5853	6697	6705	6773	6879	7069	7417	8065	8283	8552	8770	9424	9473		 2.823
102	146	155	403	5905	606	812	875	984	2369	2408	2752	3830	3932	4014	4601	4841	5534	5672	6560	7055	7109	7417	7908	8455	8630	8838	8865	8868	9331		 4.443
106	109	949	1030	1247	1263	1902	1970	1982	2306	2369	3309	4058	4071	4277	5065	4572	4868	5404	5449	5819	5976	6014	6780	7614	7980	8714	8718	8976	9333		 5.299
208	418	891	1335	1854	2004	2291	3175	3416	4547	4688	4910	5117	5122	5139	5263	5698	5733	6119	6480	6920	7013	7069	7197	7583	7671	8320	8485	9263	9296		 2.606
32	846	1114	1509	2137	2166	2280	2369	2500	2761	3022	3407	3645	4148	4455	4614	4868	4887	4895	5306	5665	6506	6911	7887	8072	8150	8579	8580	9408	9468		 2.926
251	454	785	1029	1191	1854	1920	2369	2878	3025	3961	3974	4056	4079	4591	4614	4868	5106	5123	5808	6730	6762	6836	7273	7420	8337	8593	8701	9482	9533		 3.269
1	236	454	732	900	1335	3019	3266	3530	3609	4476	4590	5106	5162	5334	5886	6039	6254	6279	6325	6489	6669	6836	6989	7595	7642	8671	8838	9221	9446		 2.063
109	155	473	1117	1121	1267	1336	1932	2292	2749	2786	3029	4232	4614	4801	4804	4853	5041	5243	5470	7348	7417	7729	7907	8000	8625	8713	8838	8918	9331		 3.909
109	162	331	394	929	1401	1890	2369	3065	3990	4014	4079	4385	4595	4614	5703	5740	5801	6087	6403	6556	6657	6717	7772	8018	8023	7007	8838	9123	9362		 3.231
22	212	479	1121	1989	3046	3860	3919	4148	4556	4811	5037	5105	5290	5500	6162	6448	6492	6730	6811	7027	7273	8003	8026	8066	8192	8353	8469	8925	9401		 2.368
155	222	228	514	981	1114	1155	1761	2043	1934	2369	3519	4015	5315	5796	6435	6656	6717	7004	7307	7331	7389	7421	8093	8384	8579	8727	8838	8918	9208		 4.141
436	444	448	455	1114	1247	1573	1846	1884	1909	2281	2287	2369	2551	2790	4325	4614	5239	6435	6919	7291	8288	8289	8296	8370	8579	8743	9070	9170	9446		 2.746
195	732	854	1141	1383	1693	2118	2238	2369	3215	3902	4398	4424	5145	5455	5725	5732	5772	5896	6424	6596	6696	6871	7032	7907	8579	8718	8720	8925	9328		 3.030
46	77	553	627	993	1242	1854	1970	2369	2632	2730	4148	4798	5126	5205	5335	5556	5559	6000	6554	6628	6711	7417	8003	8373	8579	9021	9040	9256	9466		 1.831
222	454	489	975	1247	1688	2188	2792	2809	2961	3094	3159	3331	3521	3932	4056	4112	4517	4554	4614	4737	5129	6148	6836	7069	7395	8825	9208	9468	9540		 3.256
228	338	449	454	898	1219	1564	1748	2004	2311	2369	3835	4572	5106	5823	6065	6544	6548	7287	7328	7389	7747	7863	8445	8552	8579	8838	8856	55	9482		 2.314
251	490	929	1121	1221	2197	2369	2489	2580	3265	3266	4195	4736	4821	4906	5176	5255	5361	5823	6654	7035	7864	7923	8007	8072	8283	8594	8925	9401	9482		 3.260
77	214	372	693	1121	1295	1521	1761	1854	2369	2424	2766	3752	4085	4116	4179	4696	5106	5672	5684	5777	5853	6730	7212	7227	8129	8283	8579	8951	9060		 2.803
155	301	641	1114	1121	1193	1854	1884	2134	3009	4110	4497	4514	4614	5181	5324	5672	5743	6119	6654	6903	6997	7227	7877	7887	8323	8579	8676	9224	9492		 2.694
32	155	363	580	1023	1274	1503	2369	2629	2752	2909	2912	3425	4868	4906	5106	5715	5806	6334	6788	6992	7341	7642	7811	7927	8337	8838	9006	9492	9545		 3.903
454	476	914	1247	2111	2369	2437	2598	3215	4039	4269	4339	4511	4726	4960	4975	5106	5129	5349	5431	6554	7307	7656	7777	7963	8467	8579	8718	9040	9283		 2.235
182	318	518	1088	1784	1938	1990	2278	2369	2399	2870	3266	4036	4614	4838	5106	5823	5853	6706	7040	7212	7235	7291	7348	7667	8456	8579	8838	9262	9545		 2.540
155	641	803	858	2044	2068	2166	2369	2629	2776	2779	3154	4042	4148	4614	4701	5106	5473	5486	5537	6207	6560	6800	7642	8003	8579	8910	9475	9481	9612		 4.787
67	155	958	1104	1115	1954	2019	2369	2462	3812	3869	3961	4148	5447	5672	5714	6693	6968	7069	7362	7420	7784	8133	8224	8283	8420	8579	8598	8653	8838		 3.264
109	473	618	854	1191	1392	2369	2521	2630	3023	2833	3281	4139	4200	4428	4558	4590	4711	4949	5550	6609	6621	6632	6711	8005	8390	8579	8699	9475	9528		 5.789
641	870	941	1005	1121	1267	2730	2796	2899	3266	4148	4233	4416	4739	4927	5156	5676	5762	5813	6059	6114	6826	7223	7638	7782	8023	8283	8356	8609	9230		 2.550
254	575	667	1047	1066	1115	1268	1507	1943	2068	2352	2369	2531	2918	3416	4244	4504	4715	5179	5848	6198	6352	6580	6651	7878	7912	8885	9076	9263	9352		 6.545
155	397	454	550	1471	1854	1943	2003	2369	2808	787	3266	3344	3749	4184	4614	4714	4776	4878	4906	5106	5849	6430	7364	7835	8406	8885	9335	9412	9518		 2.812
132	248	1114	1428	1479	1884	2369	2892	2906	3081	3423	3756	4038	5366	5418	5570	5823	6179	6256	6325	6697	6713	7417	7420	8325	8552	8735	8838	8977	9006		 1.923
136	489	1416	1725	2004	2045	2369	3291	3482	3909	3937	3970	4056	4148	4435	4568	4683	4906	5037	5313	5350	6209	6997	7237	8041	8764	8866	9235	9373	9599		 2.753
40	454	817	1077	1088	1222	1247	1392	1510	9601	2369	2660	2663	3092	3420	3933	4195	4517	5341	5584	5672	5853	7022	7346	7500	7912	8838	8865	9304	9331		 3.629
454	458	472	764	947	975	1165	1382	1533	2292	2311	2656	3165	3868	4153	4601	4639	4760	6433	6549	6828	7069	7227	7627	7706	8066	8579	8720	8907	9313		 1.125
560	718	1113	1320	1392	1521	1854	2208	3288	3416	3595	3839	3975	4157	4614	4723	4931	5412	5583	5848	6810	7279	7297	7322	7541	8579	8891	9040	9453	9610		 5.443
155	217	472	1222	1247	1335	1656	2746	2761	3008	3184	3273	3420	3486	3983	4398	4638	5324	5654	5672	7294	7893	8134	8283	8487	8857	8579	8606	9350	9473		 3.665
21	422	573	710	1005	1309	1533	1560	1854	2406	3554	3691	4169	4906	5796	5823	5953	6024	6139	6713	6722	7437	7445	7607	8095	8453	8602	8842	8925	9160		 2.329
315	678	1049	1335	1923	1989	2031	2369	3112	718	3418	4056	4484	4511	4856	5106	6318	6343	6443	6448	6596	6846	7089	7268	7366	7375	8034	8182	8579	9384		 2.659
186	208	209	853	1391	7685	1854	1942	2369	2491	3134	3203	4035	4148	5281	5541	5626	5870	6647	6695	6836	7470	7657	7830	7874	8579	8846	8971	9468	9511		 2.311
955	1271	1418	1533	1712	1884	2166	2412	3116	4244	4536	4614	4616	4858	5275	5599	5749	5823	6119	6228	7020	7512	7973	8283	8328	8579	8842	8925	9007	9599		 2.699
383	763	826	909	1750	1953	2068	2369	2586	3030	3288	3500	4058	3784	3962	4311	4427	4614	5033	5283	5692	6424	6451	6580	6786	7328	8020	8289	8846	9475		 5.115
63	356	454	482	674	677	959	1121	1583	1928	2056	3261	3962	4195	4394	4821	4975	5470	6043	6544	6591	7389	7613	7893	8456	8579	8681	8778	9304	9482		 2.485
82	155	215	282	367	518	1018	1113	1663	1677	2068	2369	2801	2891	3810	4365	4603	4868	4885	5603	6060	6325	6654	6728	6871	8006	9343	9430	9455	9575		 3.130
106	884	1129	1247	2269	2369	2407	2787	3013	3948	4038	4572	4662	4864	5339	5384	5439	5672	6194	6424	6438	6700	6894	7697	8164	8325	8403	8685	8838	9295		 2.558
172	1346	1542	1881	1938	2068	2369	2873	3045	3140	3416	3423	3756	3869	4038	4234	5128	5385	5823	6013	6033	6100	6584	7023	7474	8579	8937	8978	9271	9475		 2.888
89	178	215	441	641	1121	1247	1969	2430	2892	3232	3266	3337	3523	3554	3779	4075	4203	4530	4652	5341	5507	7265	7657	7711	8003	8283	8725	8814	9611		 2.403
33	155	181	454	764	1121	1335	1521	2135	2193	2245	3344	4396	4407	5171	5511	5672	6127	6230	6432	6619	6820	7501	7607	7644	8483	8579	9067	9295	9305		 2.637
91	155	217	306	433	468	1177	1854	2369	3266	3339	3453	3567	3602	3732	3895	4038	4116	5823	6182	6530	6535	6903	7064	8386	8579	6017	8925	9337	9387		 2.613
454	678	761	1114	1125	1247	1598	1671	1915	2323	2427	2604	2871	2960	3263	3301	3932	4056	4614	4868	5817	5832	6478	6563	6591	7216	7691	8300	8838	8860		 3.796
73	391	550	1073	1884	2012	2018	2104	2245	2369	2815	3239	3359	4143	5044	5379	5422	5953	5962	6017	6435	6856	7657	8099	8283	8579	8915	8918	9223	9387		 3.632
305	781	890	980	1088	1114	1321	1392	2216	2723	3677	4069	4157	4483	4517	5070	5543	5823	5917	3913	6618	6653	7107	7109	7746	8037	8384	8560	8838	8925		 2.638
32	155	195	209	347	1262	1304	1336	1513	1763	1872	2369	2061	2825	3175	3581	4017	4373	5112	5237	5324	6221	6448	6492	6762	7026	7388	8303	9192	9216		 5.422
136	388	482	1247	1270	1533	2640	3291	3858	3929	4592	5037	5167	5205	5323	5796	6147	6328	6382	7059	7495	7538	8023	8579	8700	8897	8925	9325	9468	9599		 1.456
24	73	419	854	920	1533	2164	3013	3265	3447	4116	4274	4614	4867	4880	4906	5615	6127	6779	7394	7533	7766	7964	8418	8422	8513	8579	9129	9534	9545		 2.432
155	157	454	476	897	1884	1902	2369	3179	3602	4038	4430	4836	4906	5402	6186	6644	6690	6771	7304	8023	8181	8462	8565	8579	8842	8864	8925	9023	9482		 2.102
276	516	679	1105	1528	1940	2003	2077	2369	2424	3340	4148	4163	4196	4339	4614	4685	5522	5814	5857	5979	6459	7376	7413	8244	8512	8579	8653	9140	9520		 2.660
104	251	355	414	1085	1750	1854	1970	2155	2866	3703	4148	4164	4217	4238	4339	4711	5396	5543	5772	5922	6518	7291	7417	7642	8720	8751	8824	9475	9516		 4.125
82	998	1066	1085	1114	1121	1858	2369	2434	1108	4572	4846	4906	4960	5105	5570	5599	5652	5806	5823	6454	6903	6970	7352	7499	8071	8181	8323	8579	8640		 2.294
50	82	155	534	1121	1986	2369	3266	3402	3758	3859	3948	4377	4614	4797	4841	4948	5672	5823	5979	6225	6418	6949	7227	7324	8560	8579	8938	9006	9446		 3.160
1114	1123	1276	1854	1867	2059	2977	3145	3834	3990	4056	4339	4428	4603	4820	4912	4975	5261	5570	6724	7212	7417	7448	7642	8653	8846	9035	9211	9386	9475		 2.417
155	414	518	1218	2069	2174	2217	2369	3185	3268	3644	3923	4553	4571	4820	5117	5562	5672	5745	5879	5933	7069	7198	7540	7547	8822	8838	8870	8872	8918		 4.631
155	756	958	1113	1247	1412	1496	1504	1591	1719	1854	1980	2369	3810	4148	4428	4868	5541	6497	6554	7198	7201	7950	8003	6764	8380	8579	8842	9379	9468		 2.020
155	531	532	709	1114	711	1603	1907	2003	2825	3344	3504	3872	4148	4614	4708	5041	5198	5974	6530	6705	6993	7869	8213	8289	8360	8579	8599	8902	8922		 3.909
111	1114	1122	1168	1781	1989	2087	2369	4056	4281	4416	4868	4970	4975	5131	5158	1045	5823	5852	5951	6469	7016	7023	7380	8026	8320	8485	8764	9358	9475		 3.088
251	454	514	727	777	1838	1884	1901	1960	2438	2825	3937	4148	4614	5328	5576	5698	5886	5911	6019	6377	6476	6697	7121	7160	8117	8371	8802	9312	9545		 3.001
136	425	855	1192	1227	1438	1589	1612	1638	2369	2501	2929	3903	3916	4016	4614	5830	5893	5928	6591	6680	6961	6979	7547	7602	7793	8209	8838	8846	9332		 2.116
155	454	469	2614	1121	1222	1247	2065	2369	2465	3121	3742	3782	4195	4599	4809	4906	4931	5037	5823	6018	6192	7035	7417	7550	7947	8588	8849	8925	9368		 3.040
32	482	1178	1571	1907	2652	2695	3540	3591	4038	4148	4428	4614	4701	4844	4868	5353	6022	6085	6086	6139	6561	6669	6856	7773	8466	8534	8842	9534	9612		 2.396
109	142	539	958	1293	1607	2121	2748	3299	3425	3457	3932	4086	4614	4868	4885	5106	5570	5579	5619	6100	6231	6653	6705	6853	7416	7417	7642	7842	8066		 2.388
228	251	266	404	678	1560	2245	2341	2540	3523	3766	4614	5041	5823	6282	6530	6752	6838	7205	7334	7625	7642	7772	8007	8579	8951	8987	9179	9482	9494		 2.299
91	486	850	1212	1304	1669	1854	2361	3523	4148	4538	4386	4619	4644	4780	4820	5684	5823	6139	6261	6363	6562	6964	7007	7313	7642	7789	8579	9468	9599		 2.515
182	227	294	415	744	1262	1335	2115	2369	2525	3266	3474	3496	3873	4134	4143	5106	5419	5457	6083	6445	6448	6566	7989	8029	8072	8283	8502	8846	9429		 2.282
46	478	763	9343	1049	1183	2195	2369	2810	3566	3571	3668	3688	3810	4148	4428	4614	4821	5349	5875	6448	6867	7166	7872	8020	8423	8720	9433	9451	9475		 4.230
155	203	1121	1558	1615	1719	2198	2369	2745	2825	3602	3936	4006	5037	5570	5596	5672	6127	6134	6985	9243	7386	7613	7991	8003	8487	8564	8579	8883	9254		 1.895
109	555	985	1114	1247	2256	2369	2413	2425	2604	3042	3424	3556	4075	4534	4536	4614	4775	4942	5173	2542	6543	6740	7065	7104	7212	7922	8327	8838	9545		 4.106
155	1507	2096	3560	3724	3736	3970	4058	4614	4820	4868	4906	5106	5287	5672	6297	6336	6433	6979	7009	7035	7089	8003	8204	8533	8579	8916	9262	9363	9545		 2.377
89	155	412	527	1121	2169	2362	2369	2662	3154	3362	4614	4711	4906	5672	5724	6022	6261	6379	6777	6836	7460	7896	8008	8289	4547	8579	8872	9431	9482		 2.991
401	559	1114	1222	1773	1941	2369	3493	3929	3970	4151	4339	4906	4963	5036	5106	5543	6083	6184	6845	7453	7544	7607	7827	8283	8419	8521	8579	8842	8925		 3.128
412	705	745	1027	1278	1347	1847	2045	2127	2369	2657	2768	3197	4148	4416	5130	5386	5976	5996	6022	6230	6865	7109	7440	7828	8579	8720	8924	9033	9459		 1.511
122	461	1279	1445	1854	1881	1926	2169	2369	2745	3950	4148	4233	4398	4614	4885	6386	6472	6595	7237	7441	7827	8422	8563	8569	8579	8663	8846	9482	9599		 2.058
355	678	975	980	1104	2369	2402	3034	3139	3878	3932	4277	4711	4963	5003	5543	5733	6019	6097	6235	6657	7076	7417	7462	7784	8432	8534	8655	8838	9170		 2.897
454	559	563	704	1121	1247	1428	1923	2166	2369	2550	2849	3081	3591	4748	4868	5341	5396	5439	5670	5672	6481	6669	7203	8003	8378	8476	8562	8621	8718		 2.998
109	227	478	782	993	1325	1439	1906	2285	2369	2542	2768	3682	3849	4038	4373	4614	5176	5251	6618	7063	7104	7389	7780	7952	7978	8283	8534	9331	9466		 3.301
155	454	708	763	1247	1711	2069	2369	2534	3301	4056	4059	4116	4195	4217	4259	4786	4995	5205	5672	6252	6287	6561	6669	6840	7212	7316	7657	9137	9468		 3.819
367	444	1719	1989	2369	3066	3154	3165	3597	4056	4148	4365	4533	4614	4659	4895	4906	5684	6176	6631	7287	7631	8360	8565	8800	8886	8925	9264	9295	9430		 2.589
155	683	797	969	2066	2103	2277	2438	2444	3264	3688	3810	4056	4381	4572	4614	6079	6119	6556	7104	7400	7593	8023	8065	8356	8405	8857	8910	9331	9384		 2.508
155	454	853	1247	1313	2051	2065	2320	2369	2386	3766	3894	3958	4412	4614	4796	5616	5658	5823	6349	6598	6869	7069	7445	8469	8579	8700	2809	9401	9492		 2.179
482	1085	1693	1764	1854	1928	2285	2369	2917	3585	3861	4038	4339	4393	4537	4614	4806	4975	5189	5341	5729	7183	7282	7323	7903	8134	8283	8356	8718	8875		 1.913
32	454	923	1247	1330	1345	2019	2285	2986	4058	4276	4590	4598	4614	4655	4780	4868	4906	5247	5672	5696	6836	7089	7406	8205	8231	8373	8579	8595	8838		 2.706
50	334	581	1023	1047	2556	2695	3355	3416	3614	4132	4590	4883	5000	5450	5603	5672	5899	5905	5940	6657	8020	8324	8347	8598	8838	8918	9033	9478	9614		 2.726
454	490	2357	679	960	1675	2015	2791	2857	4056	4511	4517	4572	4614	5205	5252	5262	5341	6448	6856	7035	7069	7103	7262	8940	9215	9400	9431	9468	9482		 2.045
155	251	890	1114	1191	1291	1743	1940	2168	2713	2868	3308	3612	4009	4148	4202	4629	4919	5752	5801	5999	7069	7206	7592	8055	8226	8279	8579	9040	1982		 2.907
271	454	1074	2033	1895	1943	2633	3009	3492	3534	4148	4152	4278	4614	4796	4967	5254	5274	5543	6000	6705	7403	7485	7684	8289	8720	8816	9471	9545	9601		 1.844
155	408	464	966	1114	1121	1193	1260	1957	2369	2789	2917	3793	4134	4572	4601	5406	5451	5816	6240	6431	6472	6997	8579	8842	9014	9313	9379	9475	9496		 4.045
155	222	1247	1373	1430	1485	1692	1698	2369	3336	3602	3615	4404	4740	5396	5439	5672	5828	6553	7417	7547	7676	7840	7961	8134	8328	8718	8720	8838	8940		 2.504
1	429	668	1251	1693	1720	1831	2369	2736	4148	4240	4712	4820	4945	4969	1306	5418	5823	6022	6345	6435	6686	6856	7417	7654	8603	8662	8829	9040	9475		 3.241
155	911	975	980	1070	1241	2058	2369	2638	2696	2706	3083	4148	4430	4570	4960	5202	5576	5823	6076	6093	6435	7069	7763	8310	8431	8714	8783	8918	9346		 4.528
229	454	898	1247	1392	1471	2127	2369	2951	3038	4003	7537	4549	4820	5254	5396	5439	5672	6101	6305	6669	6871	7371	7546	7632	8150	8534	9316	9410	9471		 2.046
764	863	886	958	1392	1854	2210	2745	2849	2850	2857	3213	4128	4148	4590	4798	4868	4971	5809	5894	3302	6686	7090	8384	8413	8442	8579	8692	9386	9408		 2.762
432	518	1100	1247	1533	1854	2034	2169	2280	2914	2963	3890	4148	4237	4428	4614	4619	4859	4937	5349	5762	7902	8126	8354	8502	8513	8579	8842	9315	9599		 1.927
412	1392	1565	1911	1912	1928	2068	2752	2780	2825	2899	2926	1180	3418	3810	4148	4469	4820	4858	4868	5081	5273	5627	5672	5724	7291	8438	8714	8866	8928		 2.340
96	122	800	1440	1521	1533	1854	1891	2801	3039	3857	4148	4906	5628	5645	5714	5823	5896	6061	6097	7069	8003	8150	8406	8552	8579	8717	8748	8868	8925		 3.223
194	490	538	616	1533	1847	2369	2736	3144	3714	3754	4398	4614	9036	4868	5915	6139	6149	6669	6750	7042	7077	7227	7417	7753	8579	8802	8842	8866	8925		 2.474
32	182	958	2048	2066	2078	2166	2369	2821	3232	3363	3550	3615	4056	4121	5638	5672	5745	6690	6697	6808	6871	7505	8125	8579	8664	8842	9006	9468	9475		 3.155
82	968	1121	1149	1210	1794	1847	2410	3014	3266	3902	4058	4126	4148	4928	4960	5548	6137	6140	6448	7924	7973	8118	8579	8711	8720	8814	9034	9537	9545		 3.740
155	449	1114	1129	1247	1625	1663	1784	2422	2498	3970	4570	4614	5653	5748	5853	6018	6402	6749	6871	7110	7474	7679	8000	8074	8094	8579	8838	9040	9568		 2.599
155	537	871	897	1163	1335	1457	1693	2369	3112	3362	3401	3457	3486	3866	4148	4339	4615	4928	5321	5834	6823	6923	6964	7035	8170	9057	9389	9545	9558		 3.086
136	438	662	894	1064	1121	1247	1342	1476	2312	2369	2597	2793	3043	3317	3322	3976	4592	4614	4615	4868	5695	6521	6903	6963	8579	8838	9386	9475	9520		 3.831
249	1872	1892	2369	2497	2806	2870	3119	3341	3823	3879	4573	4614	4714	4724	4748	4780	4829	4906	4909	5221	6141	6150	6701	6971	7445	8235	8718	8885	9616		 6.879
155	1121	1521	1836	284	2312	2369	2378	3244	3406	3914	3936	3999	4614	4813	4906	5396	5672	6418	6808	7133	7147	7417	7528	8045	8326	8579	8982	9308	9366		 4.536
832	1114	1564	1989	2066	2169	2677	2789	3032	3232	3295	3481	4148	4339	192	4614	5106	5572	6152	6989	7035	7417	8283	8537	8579	8609	8814	9262	9423	9475		 4.410
109	412	545	826	890	976	1903	2810	4339	4549	4614	4868	4906	4960	5254	5281	5362	5603	5672	5979	6433	6692	7952	8210	8283	8718	8838	9295	9458	9475		 3.341
77	1177	1260	1336	1773	1990	2045	2127	2369	2388	2975	3099	3712	3740	4148	4309	4614	5400	5984	6016	6155	6418	6862	7069	7541	8425	8860	9090	9308	9475		 4.983
32	194	1092	1335	1514	1742	1854	2311	2369	3921	4056	4133	4148	4192	4237	4820	4876	4906	5081	5634	5823	7157	7202	7212	7760	7878	8435	8579	8925	9421		 3.796
41	109	172	607	1121	1348	1541	1740	2369	2475	3423	3720	4148	4616	4633	4874	4885	5667	5715	5843	6931	7192	7417	8080	8154	8413	8458	8534	4212	9475		 5.849
109	221	234	251	461	984	1833	1911	2369	2862	2932	3964	4543	4583	4614	5590	5672	6127	6130	6856	7263	7571	8168	8241	8244	8825	8999	9430	9475	9601		 4.579
678	969	998	1121	1168	2004	2369	2862	3449	3642	3676	4116	4195	3509	4512	4820	4928	5428	5672	6654	7001	7035	8020	8254	8579	8731	8771	8835	9139	9482		 3.009
77	155	964	1121	1222	1631	1900	1989	2044	2369	2471	2745	3740	3749	4128	5134	5146	5318	5672	2002	6992	7101	7657	8188	8374	8579	8815	8918	8977	9468		 2.595
155	405	423	519	1114	1449	1842	2056	2166	3179	3363	3636	3805	3908	4148	4472	4868	4906	4967	5237	6127	7172	7642	7745	8003	8791	8846	8982	9006	9363		 3.055
405	449	538	678	975	1114	1392	1851	2103	3677	3849	3949	4056	4224	4517	4553	4614	4761	4832	5548	5584	6454	7069	7205	7326	8520	8603	8838	8928	9482		 2.199
454	709	778	855	1121	1247	2369	2517	2799	3083	3499	3648	3653	3782	4142	4375	4572	4986	5256	5377	5672	5853	6627	6697	6706	8283	8579	7349	8835	8980		 3.314
149	454	855	975	1247	1309	1373	1392	2517	2917	3973	4056	4373	4517	4519	4614	5259	5780	6485	6986	7069	7073	7287	7331	7520	8003	8603	8838	9305	9468		 2.442
136	236	272	445	638	1247	1719	1854	2147	2178	3024	4339	4614	4748	4906	5189	5914	6104	6654	6665	6701	6779	6853	7126	7303	7389	8375	8604	8838	8846		 4.813
109	490	781	1247	2369	2649	2727	3041	3106	3165	4339	4484	4614	4688	5899	6353	6384	6802	7035	8023	8260	8283	8579	8718	8720	8838	8885	9004	9008	9129		 2.451
25	454	966	1589	2003	2107	2380	2507	2834	3861	4038	4203	5037	5215	5318	5350	5590	5823	6348	6485	6760	6856	7516	8701	8772	8893	9199	9314	9363	9369		 2.953
155	228	517	1335	1989	2017	2131	2142	2166	2395	2505	2580	2640	3593	3661	4056	4153	4202	5037	5065	5106	5127	5615	5672	6551	7642	7684	8073	8553	9030		 4.956
195	891	1854	1906	1943	2019	2369	3415	3793	4148	2488	4339	4714	4928	5823	6162	6488	6491	6702	6854	7069	7121	7422	7607	8201	8296	8444	8579	8802	9201		 2.272
42	454	1115	1278	1328	1804	2069	2399	2707	3175	3403	3529	3898	4148	4195	4561	4842	4868	5714	5877	6669	6762	7229	7973	8006	8244	8579	8856	8871	9453		 3.237
272	454	672	965	1247	2044	2369	2643	3340	4056	4133	4614	4853	4942	5037	5386	6640	6989	7247	7453	7602	7657	7690	8144	8283	8466	8579	8838	9350	9545		 3.186
155	1186	1842	2088	2118	2369	2451	3058	3098	3245	3709	3908	4015	4088	4155	4339	4906	4919	5036	6047	6100	6985	7035	7561	7729	8003	8133	8858	8949	9363		 4.307
155	241	302	1110	1335	2034	2166	2369	2745	3043	3151	3943	3949	4193	4572	4868	4945	6280	6435	6438	6451	6485	7038	7265	7474	8579	8714	8969	9139	9285		 4.482
464	981	1201	1220	1247	2369	3266	3733	3740	3945	4056	4517	4820	4843	4948	5001	5672	5823	6244	7113	7212	8014	8134	8244	8289	8534	8838	9295	9331	9475		 3.033
91	194	571	968	975	1392	1533	3093	3678	3802	4080	4148	4590	4820	4942	5154	5505	5871	7069	7120	7445	7464	8023	8204	8207	8396	8579	9133	9496	9599		 2.488
155	185	332	454	473	641	1247	1589	1600	2236	2277	2369	2433	2736	2765	3476	3956	4614	4975	5823	6464	6973	7265	7417	7509	8564	8579	9016	9209	9482		 2.641
371	510	678	1247	1279	1584	1903	2291	2369	2407	2826	2902	2920	3063	4370	4614	5216	5281	5427	5714	6561	6604	6919	7316	7328	7456	7749	8023	8838	9311		 2.807
155	854	1149	1691	1693	1854	2056	3143	3344	4056	4147	4148	4339	4572	4703	4906	5896	6038	6776	7008	7159	7227	7417	8023	8201	8471	8579	8580	8897	8925		 2.962
403	539	870	1884	1940	1949	2146	2795	2910	3234	3446	4277	4474	4614	4951	5037	5945	5981	7021	7207	7309	7418	7863	8023	8171	8175	8564	8579	8714	9208		 3.378
155	635	958	1193	1854	1884	2475	3728	3808	4038	4043	4056	4148	4221	4759	4960	4971	5345	5400	5823	7035	7239	7397	7642	8534	8612	8653	8669	8722	8925		 2.814
155	1012	1177	1199	1271	1414	1438	1786	2078	2178	2320	2328	2369	2539	2810	3340	3824	4614	5033	5399	5414	6225	6701	6973	7147	7380	7864	7927	8985	9339		 3.782
155	316	454	1184	1247	1419	1428	1718	2369	2741	3078	3457	3487	3492	4148	4590	4906	5106	5205	5324	5537	5823	5889	7304	8027	8075	8213	8579	8888	9331		 2.189
433	514	1114	1121	1247	1409	1419	2008	2369	2427	2792	3317	3669	3919	4038	4614	5018	5207	5796	5823	6194	6443	6561	6579	7592	8168	8283	8579	9470	9482		 1.879
251	572	1121	1225	1330	1347	1462	1784	2229	2793	2917	3131	3244	4816	4853	992	5204	5469	5857	6977	7074	7385	7955	8561	8579	8630	9201	9262	9363	9379		 2.508
82	1317	1413	1621	1873	1918	2015	2369	2629	3469	3593	3638	3666	3862	4148	4153	4668	4820	4929	5823	6553	6896	7212	7281	7417	8023	8301	8458	9430	5602		 4.074
75	419	423	542	1121	1251	1959	1930	2019	2369	2503	2779	3145	3165	3406	4614	5683	5703	6413	6762	6983	7089	7690	7933	8072	8283	8718	8766	8838	8842		 4.531
155	958	1247	1533	1590	1938	2019	2432	2442	2598	2768	3266	3386	3851	4614	5265	5439	5672	5823	6064	6377	6650	6669	7703	8283	8405	8579	8838	8842	8896		 3.242
472	489	668	820	866	1088	1392	2049	2364	2369	2795	3290	3475	3932	4614	5156	5234	5599	6280	6456	6530	6684	7191	8020	8023	8183	8289	8838	8918	8982		 2.202
223	454	515	4751	2369	2832	3159	3810	4197	4248	4556	4614	4678	4682	4869	4962	6278	6597	7034	7249	7550	7671	7927	8060	8584	8691	8838	8870	8925	9327		 3.329
365	1002	1129	1165	1247	1306	1456	2412	2997	3291	3518	3902	4614	4714	5273	5368	5730	7692	6182	6701	7095	7253	7389	7541	7633	7720	7993	8718	8838	8885		 6.355
124	146	489	603	619	1121	2291	2369	2793	3145	4010	4148	4614	5037	5092	5106	5112	5254	5288	5346	6439	7680	7890	7923	8283	8356	8538	8925	9313	9482		 1.732
53	669	879	910	1192	1516	1854	1884	2157	3266	3705	4400	4614	4718	4868	5138	5176	5350	5676	5728	5823	7418	7742	7966	8020	8182	8579	8692	9262	9340		 2.576
91	103	454	771	909	914	994	1845	2369	2853	4339	4353	4726	4799	4906	5037	5205	5286	6075	6418	7422	8120	8146	8235	8337	8579	8653	8718	8899	8925		 1.868
214	1102	1121	1521	1546	1781	1854	2799	2819	3424	4153	4473	4485	5028	5414	5672	6276	6325	6755	7077	7227	7366	7434	8271	8283	8720	8883	9058	9379	9577		 2.069
32	54	454	635	700	1070	1193	1247	1969	2311	2369	2562	3145	3250	4038	4455	3935	4868	4906	5672	6009	6169	6856	7140	7943	8207	8606	8838	9314	9411		 3.364
109	315	323	643	1271	1847	1943	1989	2234	2257	2494	3571	3876	4614	5439	5493	5579	6052	6599	6953	7012	7101	7356	8007	8066	8646	8842	9011	9336	9348		 2.596
155	368	510	827	1242	1247	1335	2541	2605	2747	2794	2914	4148	4688	5037	5570	5823	5998	6521	7315	7417	7574	7784	8072	8360	8718	8868	9040	9206	9473		 3.762
186	534	1013	1336	1416	1594	2164	2602	3063	3712	4056	4148	4339	4612	5139	5341	5431	6336	6521	6648	6956	6985	7482	8108	8150	8161	8537	8579	9164	9599		 2.698
155	570	596	852	1121	1335	1357	1804	2278	2946	2961	3112	3245	3266	3615	3860	4593	5016	5364	5439	5472	5672	6078	6686	6836	8074	8275	8301	9089	9331		 3.573
454	1036	1138	1323	1533	1854	1989	1990	2369	2389	2892	3362	4389	4472	4614	4801	4906	5163	5353	6209	7273	8178	8400	8579	8589	8960	9013	9192	9521	9599		 2.845
91	1045	1114	1729	1884	2292	2369	2790	2857	2973	3437	3836	4038	4415	4596	4614	4676	4785	5665	5823	6370	7417	7476	7657	8283	8542	8579	8842	8925	9475		 3.432
122	346	674	1110	1121	1193	1320	1367	1672	2282	2369	2591	2801	3266	3541	4038	4462	4917	4963	5252	5570	5606	5672	6690	7309	8526	8579	8838	9335	9615		 2.763
91	315	1094	1247	1392	1419	1750	1854	1878	3630	3908	4614	4820	4868	5104	6660	6768	7320	7561	7580	7671	7966	8244	8390	8457	8579	8838	8885	8925	9262		 2.659
675	704	801	1123	1588	1740	2003	2369	2520	2528	3185	3860	4614	4807	4829	5122	5557	5714	6713	6752	6856	7227	7237	7328	8356	8642	8838	9006	9120	9208		 1.969
525	858	1335	1945	2044	2369	2685	2889	3266	3361	3480	3530	4038	4370	4614	5237	5853	6199	6298	6903	7657	7885	7968	8181	8283	8579	8720	8783	8838	9059		 2.307
588	1138	1141	1247	1533	2064	2166	2328	2369	2389	2498	3063	4148	4269	4469	4614	4683	5583	6139	7045	7104	7357	7417	7697	7814	8302	8579	9097	9446	9470		 3.163
32	854	891	964	1247	1989	2077	2484	2607	3165	3266	3645	4339	4834	4885	4945	4973	5036	5037	5106	5570	5823	6318	6812	6973	8013	8583	2012	9350	9545		 3.193
449	454	482	825	1121	1152	1918	2369	2521	2886	3630	4614	4636	4808	4894	5106	5176	5216	5351	6637	6749	6871	7287	7389	7914	8034	8925	8971	9132	9331		 1.997
155	1114	1193	455	1469	2166	2281	2369	2772	2910	3267	3570	3752	4614	4642	4804	4844	5205	5316	5823	6822	7035	7190	7739	7887	7983	8625	8838	8846	9464		 3.324
155	230	372	1114	1270	1304	1956	2019	2697	3165	3314	3802	4390	4485	4906	4926	4975	5760	5823	6903	7035	7548	7621	8283	8519	8579	8802	8856	8982	9175		 3.332
388	469	903	1094	1247	2164	2369	2438	3244	3266	3756	3974	4190	4273	4614	4820	4854	5341	5614	5777	6072	6090	6139	6669	7548	8424	8438	8714	9040	9303		 2.447
175	637	976	1420	1439	1907	2178	2632	3025	3472	3644	4074	4148	4820	5398	5424	6230	6492	6544	6646	7404	7417	7517	7880	8051	8576	8579	8718	8783	9377		 5.011
125	185	266	298	488	671	801	1247	2042	3860	4683	4902	8928	5470	5511	5550	5570	5745	6254	6694	6998	7593	7955	7969	8415	8425	8537	8681	8838	9170		 2.992
472	494	497	705	768	783	2130	2369	2591	3810	4339	4664	4734	4761	4835	4906	5009	5176	5848	5866	5942	6097	6653	7346	7389	8003	8579	8696	8971	9482		 2.311
249	435	445	446	537	114	1507	1948	2065	2287	3149	3319	3665	3922	4517	4547	4590	4614	5205	5595	5624	5941	6482	6657	7607	7680	9295	9439	9468	9475		 5.674
219	454	1268	1521	1886	2008	2369	3331	3336	3676	3693	4038	4148	4491	4590	4906	5373	5480	5672	6188	7035	7089	7235	7604	8042	8078	8492	8579	8720	8838		 4.177
227	454	530	1176	1219	1290	1335	1336	1560	1930	2044	3530	3558	3833	3943	4148	4411	4614	5793	6119	6191	6521	6635	7303	7952	8065	8356	8714	9313	9430		 2.618
75	448	1283	1347	1376	1560	1704	2036	2084	2296	2369	2799	3574	3604	3912	3932	4290	5037	6066	6410	6556	6568	6646	6856	8289	8435	8437	9006	9015	9498		 2.664
194	348	833	1754	1854	2133	2137	4134	4148	4339	4775	4789	4975	5246	5351	5353	5823	5849	6019	6325	6752	7287	7662	7988	8020	8526	8579	8800	8825	8925		 1.773
125	888	1241	1354	1542	2068	2321	2369	2888	3158	3341	3358	3649	4632	4748	4813	4858	4945	5390	6110	6366	6442	6871	7459	7895	8023	8384	9006	9309	9416		 5.858
136	161	524	604	804	1085	2210	2369	2862	3124	3881	3932	4339	4516	4572	4614	4906	5266	5349	5672	5761	6127	6856	6985	7227	7300	7421	8283	8720	9032		 3.662
149	155	1019	1184	1287	1992	2234	2607	2640	3340	3932	4208	4370	4748	4819	4820	5590	5829	6949	6992	6994	7069	7667	8023	8424	8718	8729	8838	8918	9468		 2.489
155	1624	1745	1656	2111	2166	2369	3503	3602	3860	4192	4202	4614	4945	5295	5312	5388	5439	5547	5672	5720	6472	6576	6762	7035	8023	8063	8579	8682	8842		 2.674
454	494	625	705	1247	1258	1836	2641	2676	2779	3529	3602	3774	4056	4250	4312	4517	4614	4764	5175	5450	5511	6823	7368	7474	7927	8464	8838	9230	9521		 3.145
197	251	605	854	884	1121	1247	2517	2711	2903	3528	3557	3643	667	4474	4572	4885	5106	6054	6638	6657	6903	7840	7980	8283	8487	8718	8737	9473	9540		 3.140
305	454	1049	1569	1791	2034	2077	5835	2445	2861	3765	3887	4056	4572	4590	4614	4988	5205	5341	5604	5823	5829	6435	6556	8005	8139	8534	8695	8868	9345		 4.219
494	555	684	890	905	1665	1854	2328	3356	4148	4350	4425	4572	4960	4975	5586	5692	4775	6646	6672	7417	7522	7864	7878	7882	8579	8685	8720	8783	9482		 2.381
47	210	435	449	502	1303	1336	1533	1923	2303	3204	3906	4164	4614	4648	4809	5396	6372	5664	6836	7174	7249	8411	8579	8733	8768	8802	8843	9119	9473		 2.822
412	594	1114	1121	1335	1381	1755	2158	2238	2369	4056	4558	5079	5106	5561	5570	5672	6495	6762	7035	7265	7651	7655	8036	8145	8390	8630	8670	8720	8842		 1.684
155	494	503	958	1201	1390	1675	1895	2369	2632	2828	3258	3575	3740	3879	4277	4614	4790	5224	5373	4433	5748	6090	7703	8324	8412	8579	9023	9367	9598		 2.288
155	236	848	1113	1661	2019	2369	2862	3145	3554	3937	4007	4535	4558	5206	5220	5672	5747	5823	6450	6518	8020	8144	8509	8574	8599	8810	8825	8918	9430		 4.089
85	109	1784	1832	1847	2048	2121	2369	2396	2916	7856	4075	4145	4614	4729	4980	5176	5584	5801	5806	5930	6134	6646	7477	7902	8020	8035	8296	8994	9482		 2.785
5	109	434	1481	2216	2369	2643	2646	2857	3149	3597	3688	3697	3897	3923	4152	4385	4614	4805	4856	4985	5251	5626	6019	6223	7793	8460	8720	8766	8838		 4.616
454	534	1250	1847	2003	2369	2710	2833	2939	2941	3259	3881	4455	4614	4841	4868	4906	4945	5439	6024	7014	7084	7713	8328	8604	8682	8842	8925	9492	9545		 3.680
207	1115	1419	1442	1516	1629	1854	2137	2369	3148	3492	4148	4572	5149	5495	5980	6018	4970	6911	6963	7093	7287	7513	7838	8023	8033	8164	8579	8787	8925		 2.062
93	280	340	454	1247	1533	1580	1932	2077	2369	4170	4614	4615	5326	6093	6396	6573	6669	3271	7037	7713	7751	8023	8570	8596	8681	8783	8925	9345	9482		 2.692
91	454	558	684	1247	2003	2369	2438	3459	3732	4056	4546	4571	4614	4655	5205	5295	5511	5796	6472	6836	8020	8023	8266	8339	8579	8838	8855	9249	9482		 3.249
383	500	708	854	1034	1095	9493	1750	1854	2132	2616	3175	3999	4148	4960	5131	5617	5806	5848	6393	7520	7642	7811	7830	7992	8175	8527	8579	9168	9606		 2.974
91	155	1115	1290	1354	1725	1784	2301	3703	3836	3932	4309	4517	4642	4796	4797	4906	5027	5100	5309	6421	7057	7544	7772	8325	8534	8838	8910	8918	9331		 3.157
185	251	401	454	1247	2055	2127	2371	2369	2376	2541	2714	2759	3343	3909	4568	4614	4648	5931	5999	6889	7376	7422	7550	8144	8603	8720	8838	9358	9475		 3.507
155	172	482	958	1335	1370	1480	1625	1831	3115	3880	3995	4038	4148	4311	4561	5473	6138	6596	6773	6856	7035	7544	7642	8360	8573	8838	8918	9059	9214		 3.374
208	228	688	1349	2369	2754	3318	4119	4148	4451	4854	4868	4888	4945	5373	5848	6369	6418	6435	6779	6808	7072	7110	7358	7389	8102	8579	8830	9170	9181		 3.552
555	732	965	995	1114	1462	2110	2311	2369	2677	2856	3417	4038	4352	4614	4801	5396	5590	5695	6141	6478	6794	6803	6830	7470	8265	8283	8607	9283	9555		 2.699
109	234	473	1114	1121	1213	1251	1465	1523	2369	2402	2796	3049	3765	3932	4614	4780	4948	5448	5491	5823	1628	5905	6418	6551	7052	8540	9093	9475	9565		 5.567
92	449	454	517	576	1049	1533	2128	2369	2399	3344	4353	4536	4614	4953	5176	5402	5418	5679	5714	6426	6787	7008	7445	8579	8640	8829	8925	9371	9599		 1.972
42	116	454	462	1146	1188	2127	2369	4023	4038	4067	4195	4353	4537	5176	5191	5273	5324	5623	5672	5745	5877	7228	7817	8065	8579	8692	9176	9295	6526		 4.392
47	382	540	683	1686	1990	2369	3165	3554	3579	3602	3810	3869	4272	4282	4424	4509	4614	4712	7693	5154	5305	5578	6300	6696	7965	8003	8023	9006	9475		 4.202
42	155	247	478	495	514	1478	1941	2369	2407	2803	3165	3175	4867	5341	5664	5728	5777	5964	6017	6197	7069	7300	7358	7772	7887	8653	8977	9482	9496		 3.496
251	449	833	1531	1589	2484	3086	3197	3836	4152	4614	4620	4652	5609	5626	7287	7593	7713	7830	7832	1986	8356	8384	8552	8722	8846	8918	8925	9006	9166		 2.707
119	151	163	448	1165	1928	1970	2177	2638	3425	3756	3880	3999	4095	4370	4614	4985	5823	7212	7291	7417	7581	8481	8579	8626	8656	8810	8842	9297	9482		 1.682
454	1161	1578	1784	2162	2311	2358	3077	3442	4424	4614	5348	5373	5736	5806	6155	6241	6379	6621	6856	7227	7230	7351	7445	7999	8356	8435	2062	8838	9612		 2.232
224	1121	1247	1346	1773	2369	2591	2668	2766	3340	3342	3423	3630	4148	4153	4260	4833	4857	5233	5672	5802	6134	6188	7069	7878	8579	8765	8838	8855	9475		 2.650
32	155	1023	1121	1247	1431	2369	2825	3010	3382	3450	3669	3703	4820	4960	5672	5747	5848	6018	6448	7121	7352	7911	8110	8204	8303	8703	8720	8838	8866		 3.050
398	402	610	886	973	1392	1884	2064	2238	3035	3295	4080	4148	4483	4590	4599	4703	4868	4906	5252	5398	6127	6492	6856	8240	8302	8579	8800	9148	9208		 3.222
155	195	1355	1427	1533	1942	2166	2369	2922	3081	3140	3752	4469	4485	4522	4614	5310	5314	6886	6964	7021	7417	7503	8119	8283	8449	8579	8802	9231	9468		 3.959
432	684	732	1022	1854	1917	2137	2369	2630	3197	3344	4148	4274	4370	4707	4759	5152	5771	5899	5950	6783	7697	6910	8296	8579	8885	8994	9333	9379	9599		 2.550
155	454	791	1247	1392	1494	2369	3466	3575	4148	4162	4337	4373	4455	4500	4501	5341	5657	5823	6395	6711	6800	6891	7474	7832	7972	8629	8846	8985	9427		 2.176
66	155	266	596	998	1470	2341	2369	3175	3810	4175	4590	4614	5419	5454	5626	5823	6111	6269	6638	6669	6919	7358	7657	7809	8677	8700	9412	9446	9482		 2.138
155	254	266	380	651	764	1432	1488	1740	2368	2369	2536	4055	5324	5672	5673	5850	6055	6389	6669	6701	6982	8033	8205	8593	8821	8838	9335	9425	9545		 6.118
27	82	518	580	662	875	972	1901	2348	2369	3740	3869	4529	4643	5162	5346	5823	6093	6254	6818	8173	8283	8456	8579	8653	8945	9075	9080	9446	9482		 1.566
535	854	985	1203	1217	1560	1854	1868	1884	2369	2670	4339	4529	4614	4711	4906	4913	4928	5055	5617	5865	6964	7328	7376	7864	7995	8150	8569	8579	9313		 2.959
155	280	1121	1141	1990	2369	2511	3179	3266	3417	3850	3999	4514	4629	4652	4928	4999	5205	5313	5537	5050	6435	6926	7682	8189	8435	8521	8579	8815	8838		 2.959
323	401	429	805	1521	1854	2034	2369	3244	3523	3717	4074	4615	4911	5240	5254	5618	5672	6746	6974	7063	7227	7779	7809	8283	8579	9039	9061	9098	9598		 1.990
66	234	533	919	1533	1652	1854	2142	2328	2862	3110	3652	4614	4678	4711	4868	4940	5424	5496	6433	6770	6979	7035	7389	7855	8390	8566	8579	8599	8925		 3.023
208	320	884	969	1047	1289	1555	1559	1938	1993	2423	2677	3030	3546	3554	3979	4012	4148	5474	5543	5707	6540	7625	7671	7672	7789	8039	8865	9366	9417		 5.489
125	280	454	762	842	904	1227	1247	1267	1335	1443	1847	1943	2403	3704	4038	4217	4641	4779	4780	5785	5905	6193	7206	7510	7562	8579	8856	8907	8923		 1.831
336	651	1102	1116	1165	1471	1513	1692	1968	2166	3242	3423	4148	1495	4519	4971	5432	5470	5486	5592	5877	7382	7435	7626	7651	7929	8404	8579	9001	9209		 6.336
251	305	966	989	1121	1165	1428	2369	2504	3266	3753	3756	4273	4546	4614	5037	5537	5898	6053	6314	6953	6971	7680	7863	8283	8697	8838	8995	9208	9475		 2.903
